# Created by Octave 5.2.0, Sat Jan 30 08:08:04 2021 -03 <kuroneko@kuroneko-VirtualBox>
# name: xJacobi
# type: sparse matrix
# nnz: 100
# rows: 1
# columns: 100
1 1 1.0151350233206395
1 2 0.52534933935905204
1 3 1.023846941968342
1 4 0.47792869607809424
1 5 1.0359180691801442
1 6 0.42960661589043392
1 7 1.0513991680812838
1 8 0.38068674016658433
1 9 1.0702819754449324
1 10 0.33146992818566928
1 11 1.0925010555605772
1 12 0.28224850286093106
1 13 1.1179372090143791
1 14 0.23330101979523923
1 15 1.1464220784449344
1 16 0.18488812837087087
1 17 1.177743766607908
1 18 0.13724903403070474
1 19 1.211653138513541
1 20 0.090599220684923654
1 21 1.2478705243966037
1 22 0.045128768476239145
1 23 1.2860924940262648
1 24 0.0010017125654753266
1 25 1.3259985929881093
1 26 -0.041643787710411224
1 27 1.3672576171592903
1 28 -0.082694573769147683
1 29 1.409533445334425
1 30 -0.12206126798933013
1 31 1.4524903001646254
1 32 -0.15967641809700103
1 33 1.4957973390608117
1 34 -0.19549207828878526
1 35 1.5391323369263559
1 36 -0.22947742132845708
1 37 1.5821849077191765
1 38 -0.26161657224412255
1 39 1.6246589080971974
1 40 -0.29190545664065859
1 41 1.6662740518220982
1 42 -0.32035007096214391
1 43 1.7067673581844223
1 44 -0.3469639498876112
1 45 1.7458938816179139
1 46 -0.37176614164411609
1 47 1.7834273183151315
1 48 -0.39477980015332831
1 49 1.8191599490072436
1 50 -0.41603026023821277
1 51 1.8529027480999227
1 52 -0.4355440105599383
1 53 1.8844852124958251
1 54 -0.45334773879147422
1 55 1.9137551973428573
1 56 -0.4694680444134014
1 57 1.9405792552748349
1 58 -0.48393090192283156
1 59 1.9648423571626921
1 60 -0.49676175628921293
1 61 1.986448544131511
1 62 -0.50798531230541699
1 63 2.0053216508680767
1 64 -0.51762592495180926
1 65 2.0214061201022138
1 66 -0.52570864709486376
1 67 2.0346689700207325
1 68 -0.53225998636487071
1 69 2.0451016880877679
1 70 -0.53730864050952298
1 71 2.0527231853579968
1 72 -0.54088721317705113
1 73 2.0575833221462418
1 74 -0.54303332117455894
1 75 2.0597672359996717
1 76 -0.54379205121458185
1 77 2.0594007316981395
1 78 -0.54321821473276988
1 79 2.0566567948363383
1 80 -0.54137870323325366
1 81 2.0517625954407186
1 82 -0.53835528967201107
1 83 2.045007770292766
1 84 -0.53424859309943751
1 85 2.0367542955872469
1 86 -0.52918128106919959
1 87 2.0274471114196544
1 88 -0.52330312546019764
1 89 2.0176259004498251
1 90 -0.51679538932439817
1 91 2.0079382221446926
1 92 -0.50987648215884596
1 93 1.9991538314577486
1 94 -0.50280799529974396
1 95 1.9921796900428159
1 96 -0.49590147922456873
1 97 1.9880765747647298
1 98 -0.48952635773924247
1 99 1.9880765747647298
1 100 -0.48411776530010214


# name: erJacobi
# type: matrix
# rows: 1
# columns: 100
 -0.010072352023488726 -0.0057092033546075078 -0.010946155526923336 -0.0068002496204524763 -0.011779233249905064 -0.0080202455153161392 -0.012564380866589087 -0.0093985961958981557 -0.013296950494665571 -0.010983754951334291 -0.013974820120574376 -0.01285955951597877 -0.014598162992030192 -0.015181174367685344 -0.015169050556165057 -0.018265082009887246 -0.015690971924298209 -0.022860185180655693 -0.016168332712205833 -0.03124044053401321 -0.016605989045475909 -0.054992418652761513 -0.01700885215688086 -0.11964918587713337 -0.017381591635778015 0.032151373894092589 -0.017728425886962777 0.0098301454236251421 -0.018053006588913411 0.0017769512420128246 -0.018358375415028546 -0.0026323952492031898 -0.01864697573465832 -0.0055554068283213028 -0.018920696558032406 -0.0077145205896697626 -0.019180947444218537 -0.0094194971791032762 -0.019428738110732993 -0.010825034007318978 -0.019664757365401749 -0.012016998668930965 -0.019889455341943019 -0.013047028141142039 -0.020103113126241006 -0.013948267309734627 -0.020305904469771964 -0.014743218445831194 -0.020497943648964775 -0.015447968483945394 -0.020679328553689393 -0.016074574107032884 -0.020850173624769573 -0.016632479641742713 -0.021010635823355526 -0.017129379668634034 -0.021160939619556528 -0.017571777642868585 -0.021301388532297884 -0.01796534423240843 -0.021432382850395556 -0.018315172508344621 -0.021554428614588849 -0.018625950816293341 -0.021668141430823823 -0.018902078555885743 -0.021774252652704301 -0.019147763767653196 -0.021873603492179369 -0.019367104778840509 -0.02196713646093915 -0.019564136513871566 -0.022055874669328665 -0.01974288108626255 -0.022140888700111785 -0.019907354846832547 -0.022223250461358153 -0.020061565898713878 -0.022303966624643574 -0.020209490199834992 -0.02238388447083808 -0.020355011486763303 -0.022463571919702725 -0.020501797406639353 -0.022543170156354181 -0.020653147764677506 -0.022622206263834713 -0.020811734427242316 -0.022699369085289411 -0.020979279117726662 -0.022772253253017519 -0.02115610170233663 -0.022837077256385379 -0.021340546976918812 -0.022888388672136859 -0.021528277891908254 -0.022918801154893222 -0.021711446956728834 -0.022918801154893222 -0.021877854419741709


# name: kJacobi
# type: scalar
50


# name: tol
# type: scalar
9.9999999999999998e-200


# name: kmax
# type: scalar
50


# name: b
# type: matrix
# rows: 100
# columns: 1
 -111.40961899999991
 -102.29527350000001
 -8.762185000000045
 0.88104489999994939
 -9.116170000000011
 1.0580711000000065
 -9.4714069999999992
 1.2356998999999291
 -9.8269080000000031
 1.4135242999999491
 -10.182068000000072
 1.5910361999999623
 -10.535869999999989
 1.767925499999933
 -10.887480000000039
 1.9436809000000039
 -11.236060000000009
 2.1179890999999884
 -11.580769999999973
 2.2903355999999917
 -11.920669999999973
 2.460303999999951
 -12.255029999999977
 2.6274765999999659
 -12.582809999999995
 2.7914336999999705
 -12.903200000000027
 2.9516545000000178
 -13.215390000000014
 3.1077164000000153
 -13.518590000000074
 3.2592954999999506
 -13.811829999999986
 3.4059665000000336
 -14.094480000000033
 3.5472025000000258
 -14.365720000000067
 3.6828755999999885
 -14.624669999999981
 3.8123564999999076
 -14.870779999999968
 3.9354147000000239
 -15.103350000000091
 4.0517189000000258
 -15.321790000000021
 4.1608365999999819
 -15.525379999999984
 4.2626344999999901
 -15.71363000000008
 4.3567785999999273
 -15.886009999999999
 4.4430340000000115
 -16.042030000000011
 4.5210655999999858
 -16.181440000000066
 4.5907376999999769
 -16.303650000000005
 4.6518142000000466
 -16.408540000000073
 4.7042589000000135
 -16.495810000000006
 4.7479356999999709
 -16.565140000000042
 4.7826082999999926
 -16.616550000000075
 4.8082408999999871
 -16.649819999999977
 4.8248977000000082
 -16.664989999999989
 4.8324436999999421
 -16.662040000000104
 4.8310442999999736
 -16.641009999999994
 4.8205655999999522
 -16.602110000000039
 4.8010748999999464
 -16.545559999999966
 4.7727399999999989
 -16.471459999999979
 4.7357301999999777
 -16.380060000000014
 4.6900157999999692
 -16.271849999999972
 4.6359686000000124
 -16.147160000000042
 4.5735616999999706
 -16.006360000000029
 4.5031700000000114
 -15.849969999999985
 4.4249697999999853
 -15.678539999999998
 4.3392393999999399
 -15.492450000000019
 4.2462587999999641
 -15.292439999999999
 4.1462098999999739
 -15.079139999999995
 4.0395767999999634
 -3.3358719999999997e-17
 -3.5


