# Created by Octave 5.2.0, Fri Feb 05 22:29:57 2021 -03 <kuroneko@kuroneko-VirtualBox>
# name: xSOR
# type: matrix
# rows: 14
# columns: 1
 -12.148062770557441
 0.99999999833809661
 0.99999999833809661
 0.70754737592417882
 -8.2567594287093034
 0.99999999787147331
 0.99999999787147331
 0.58820863161313808
 0.99960003025356747
 0.99999999863691658
 0.99999999863691669
 0.71008661919770022
 10.176022712642254
 13.920505840842894


# name: erSOR
# type: matrix
# rows: 1
# columns: 101
 0 0.48107464635646624 0.16049089475178197 0.048763609820918249 0.015197797493138654 0.010543774456123098 0.0082484424117150023 0.0069891172427133238 0.0062545810898297386 0.0058248591043293003 0.0055866251861147465 0.0055505377663433789 0.0057693331864041731 0.0059416538808486873 0.0060861839893007275 0.006214820023135021 0.006334682629998859 0.0064497345512227622 0.0065619378479394195 0.006672041163897584 0.0067800994776287512 0.0068858083953663761 0.0069887127191760332 0.0070883312262158219 0.0071842265873187233 0.0072760401432814892 0.0073635048276020805 0.0074464450746354145 0.0075247694965814346 0.0075984600325432619 0.0076675598713677679 0.0077321615176732658 0.0077923957603538785 0.0078484219120223304 0.0079004194448127982 0.0079485810032322128 0.0079931066943668659 0.0080341995166484347 0.0080720617749501112 0.0081068923316872307 0.0081388845540401444 0.008168224832050687 0.0081950915584391298 0.0082196544769412589 0.0082420743208555733 0.0082625026768511269 0.0082810820208007938 0.0082979458824268028 0.0083132191040207505 0.0083270181655765753 0.0083394515544912892 0.0083506201627887248 0.0083606176986775662 0.0083695311023949878 0.0083774409587827423 0.0083844219010362573 0.0083905430016393209 0.0083958681477295516 0.0084004563991003037 0.0084043623277854779 0.0084076363387336935 0.0084103249715117082 0.0084124711832876068 0.0084141146135700909 0.0084152918313463842 0.0084160365653728249 0.0084163799184312441 0.0084163505664036214 0.0084159749430424979 0.0084152774112982304 0.0084142804220453116 0.008413004661046131 0.0084114691849281123 0.008409691546941803 0.008407687913209597 0.0084054731701496237 0.0084030610237042537 0.0084004640909816127 0.0083976939848618166 0.0083947613920941251 0.0083916761453783472 0.0083884472898693961 0.0083850831445457259 0.0083815913588145656 0.0083779789647321808 0.0083742524251629695 0.0083704176782005753 0.0083664801781277859 0.0083624449331891806 0.0083583165404249524 0.0083540992177815309 0.0083497968337273819 0.0083454129345508291 0.0083409507695311105 0.0083364133141431099 0.0083318032914522291 0.0083271231918360528 0.0083223752911653105 0.0083175616675662568 0.0083126842168697503 0.0083077446668599116


# name: kSOR
# type: scalar
100


# name: tol
# type: scalar
0.0001


# name: kmax
# type: scalar
100


# name: w
# type: scalar
0.5


# name: b
# type: matrix
# rows: 14
# columns: 1
 -91.896479999999997
 6283200
 0.30440310077519378
 7540.2239999999983
 -89.54016
 0
 0
 -2.1316282072803006e-13
 4.7126399999999995
 6283200
 0.30440310077519378
 7540.2239999999983
 98.965439999999987
 96.60911999999999


# name: a
# type: sparse matrix
# nnz: 46
# rows: 14
# columns: 14
1 1 1.5708800000000001
4 1 -94.252799999999993
5 1 0.78544000000000003
2 2 12566400
6 2 -6283200
3 3 0.60880620155038756
7 3 -0.30440310077519378
1 4 -94.252799999999993
4 4 15080.447999999997
8 4 -7540.2239999999983
9 4 94.252799999999993
1 5 0.78544000000000003
5 5 3.1417600000000001
8 5 -94.252799999999993
9 5 0.78544000000000003
2 6 -6283200
6 6 12566400
10 6 -6283200
3 7 -0.30440310077519378
7 7 0.60880620155038756
11 7 -0.30440310077519378
4 8 -7540.2239999999983
5 8 -94.252799999999993
8 8 15080.447999999997
12 8 -7540.2239999999983
13 8 94.252799999999993
4 9 94.252799999999993
5 9 0.78544000000000003
9 9 3.1417600000000001
12 9 -94.252799999999993
13 9 0.78544000000000003
6 10 -6283200
10 10 12566400
7 11 -0.30440310077519378
11 11 0.60880620155038756
8 12 -7540.2239999999983
9 12 -94.252799999999993
12 12 15080.447999999997
14 12 94.252799999999993
8 13 94.252799999999993
9 13 0.78544000000000003
13 13 3.1417600000000001
14 13 0.78544000000000003
12 14 94.252799999999993
13 14 0.78544000000000003
14 14 1.5708800000000001


