# Created by Octave 5.2.0, Fri Feb 05 22:29:57 2021 -03 <kuroneko@kuroneko-VirtualBox>
# name: jacobiMat
# type: matrix
# rows: 14
# columns: 1
 -1.314142992814169
 1
 0.99999999999999978
 0.9489800137699379
 -0.61485980329547096
 1
 0.99999999999999978
 0.92879426622868433
 0.99999999999638833
 1
 0.99999999999999978
 0.95031107516329949
 2.5727296950995608
 3.1949706426522555


# name: seidelMat
# type: matrix
# rows: 14
# columns: 1
 -21.75
 0.5
 0.5
 0.40156249999999999
 -25.3125
 0.5
 0.5
 0.095703124999999958
 2.9062500000000018
 0.75
 0.75
 0.18164062500000003
 12.527343749999998
 44.337890624999993


# name: sorMat
# type: matrix
# rows: 14
# columns: 1
 -12.148062770557441
 0.99999999833809661
 0.99999999833809661
 0.70754737592417882
 -8.2567594287093034
 0.99999999787147331
 0.99999999787147331
 0.58820863161313808
 0.99960003025356747
 0.99999999863691658
 0.99999999863691669
 0.71008661919770022
 10.176022712642254
 13.920505840842894


