# Created by Octave 5.2.0, Fri Feb 05 22:29:56 2021 -03 <kuroneko@kuroneko-VirtualBox>
# name: xSeidel
# type: matrix
# rows: 14
# columns: 1
 -21.75
 0.5
 0.5
 0.40156249999999999
 -25.3125
 0.5
 0.5
 0.095703124999999958
 2.9062500000000018
 0.75
 0.75
 0.18164062500000003
 12.527343749999998
 44.337890624999993


# name: erSeidel
# type: matrix
# rows: 1
# columns: 3
 0 0.99801770847099247 0


# name: kSeidel
# type: scalar
2


# name: tol
# type: scalar
0.0001


# name: kmax
# type: scalar
100


# name: b
# type: matrix
# rows: 14
# columns: 1
 -91.896479999999997
 6283200
 0.30440310077519378
 7540.2239999999983
 -89.54016
 0
 0
 -2.1316282072803006e-13
 4.7126399999999995
 6283200
 0.30440310077519378
 7540.2239999999983
 98.965439999999987
 96.60911999999999


# name: a
# type: sparse matrix
# nnz: 46
# rows: 14
# columns: 14
1 1 1.5708800000000001
4 1 -94.252799999999993
5 1 0.78544000000000003
2 2 12566400
6 2 -6283200
3 3 0.60880620155038756
7 3 -0.30440310077519378
1 4 -94.252799999999993
4 4 15080.447999999997
8 4 -7540.2239999999983
9 4 94.252799999999993
1 5 0.78544000000000003
5 5 3.1417600000000001
8 5 -94.252799999999993
9 5 0.78544000000000003
2 6 -6283200
6 6 12566400
10 6 -6283200
3 7 -0.30440310077519378
7 7 0.60880620155038756
11 7 -0.30440310077519378
4 8 -7540.2239999999983
5 8 -94.252799999999993
8 8 15080.447999999997
12 8 -7540.2239999999983
13 8 94.252799999999993
4 9 94.252799999999993
5 9 0.78544000000000003
9 9 3.1417600000000001
12 9 -94.252799999999993
13 9 0.78544000000000003
6 10 -6283200
10 10 12566400
7 11 -0.30440310077519378
11 11 0.60880620155038756
8 12 -7540.2239999999983
9 12 -94.252799999999993
12 12 15080.447999999997
14 12 94.252799999999993
8 13 94.252799999999993
9 13 0.78544000000000003
13 13 3.1417600000000001
14 13 0.78544000000000003
12 14 94.252799999999993
13 14 0.78544000000000003
14 14 1.5708800000000001


