# Created by Octave 5.2.0, Thu Feb 04 21:42:21 2021 -03 <kuroneko@kuroneko-VirtualBox>
# name: xSeidel
# type: sparse matrix
# nnz: 100
# rows: 1
# columns: 100
1 1 1.0151350233206398
1 2 0.52534933935905204
1 3 1.0238469419683423
1 4 0.47792869607809424
1 5 1.0359180691801442
1 6 0.42960661589043392
1 7 1.0513991680812835
1 8 0.38068674016658433
1 9 1.0702819754449322
1 10 0.33146992818566928
1 11 1.0925010555605772
1 12 0.28224850286093106
1 13 1.1179372090143793
1 14 0.23330101979523923
1 15 1.1464220784449342
1 16 0.18488812837087087
1 17 1.1777437666079078
1 18 0.13724903403070474
1 19 1.2116531385135407
1 20 0.090599220684923654
1 21 1.2478705243966033
1 22 0.045128768476239145
1 23 1.2860924940262644
1 24 0.0010017125654753266
1 25 1.3259985929881088
1 26 -0.041643787710411224
1 27 1.3672576171592901
1 28 -0.082694573769147683
1 29 1.4095334453344248
1 30 -0.12206126798933013
1 31 1.4524903001646252
1 32 -0.159676418097001
1 33 1.4957973390608112
1 34 -0.19549207828878523
1 35 1.5391323369263556
1 36 -0.22947742132845705
1 37 1.5821849077191765
1 38 -0.26161657224412255
1 39 1.6246589080971976
1 40 -0.29190545664065859
1 41 1.6662740518220984
1 42 -0.32035007096214396
1 43 1.7067673581844225
1 44 -0.3469639498876112
1 45 1.7458938816179139
1 46 -0.37176614164411603
1 47 1.783427318315131
1 48 -0.39477980015332825
1 49 1.8191599490072432
1 50 -0.41603026023821271
1 51 1.8529027480999223
1 52 -0.43554401055993824
1 53 1.8844852124958247
1 54 -0.45334773879147411
1 55 1.9137551973428566
1 56 -0.46946804441340134
1 57 1.9405792552748342
1 58 -0.48393090192283145
1 59 1.9648423571626914
1 60 -0.49676175628921276
1 61 1.9864485441315101
1 62 -0.50798531230541677
1 63 2.0053216508680758
1 64 -0.51762592495180904
1 65 2.0214061201022124
1 66 -0.52570864709486353
1 67 2.0346689700207308
1 68 -0.53225998636487037
1 69 2.0451016880877666
1 70 -0.53730864050952276
1 71 2.0527231853579959
1 72 -0.54088721317705091
1 73 2.057583322146241
1 74 -0.54303332117455849
1 75 2.0597672359996708
1 76 -0.54379205121458141
1 77 2.0594007316981386
1 78 -0.54321821473276954
1 79 2.0566567948363375
1 80 -0.54137870323325343
1 81 2.0517625954407182
1 82 -0.53835528967201096
1 83 2.045007770292766
1 84 -0.5342485930994374
1 85 2.0367542955872469
1 86 -0.52918128106919948
1 87 2.0274471114196548
1 88 -0.52330312546019742
1 89 2.0176259004498251
1 90 -0.51679538932439795
1 91 2.0079382221446931
1 92 -0.50987648215884573
1 93 1.9991538314577491
1 94 -0.50280799529974385
1 95 1.9921796900428161
1 96 -0.49590147922456868
1 97 1.9880765747647295
1 98 -0.48952635773924241
1 99 1.9880765747647295
1 100 -0.48411776530010209


# name: erSeidel
# type: scalar
0


# name: kSeidel
# type: scalar
50


# name: tol
# type: scalar
9.9999999999999998e-20


# name: kmax
# type: scalar
50


# name: b
# type: matrix
# rows: 100
# columns: 1
 -111.40961899999991
 -102.29527350000001
 -8.762185000000045
 0.88104489999994939
 -9.116170000000011
 1.0580711000000065
 -9.4714069999999992
 1.2356998999999291
 -9.8269080000000031
 1.4135242999999491
 -10.182068000000072
 1.5910361999999623
 -10.535869999999989
 1.767925499999933
 -10.887480000000039
 1.9436809000000039
 -11.236060000000009
 2.1179890999999884
 -11.580769999999973
 2.2903355999999917
 -11.920669999999973
 2.460303999999951
 -12.255029999999977
 2.6274765999999659
 -12.582809999999995
 2.7914336999999705
 -12.903200000000027
 2.9516545000000178
 -13.215390000000014
 3.1077164000000153
 -13.518590000000074
 3.2592954999999506
 -13.811829999999986
 3.4059665000000336
 -14.094480000000033
 3.5472025000000258
 -14.365720000000067
 3.6828755999999885
 -14.624669999999981
 3.8123564999999076
 -14.870779999999968
 3.9354147000000239
 -15.103350000000091
 4.0517189000000258
 -15.321790000000021
 4.1608365999999819
 -15.525379999999984
 4.2626344999999901
 -15.71363000000008
 4.3567785999999273
 -15.886009999999999
 4.4430340000000115
 -16.042030000000011
 4.5210655999999858
 -16.181440000000066
 4.5907376999999769
 -16.303650000000005
 4.6518142000000466
 -16.408540000000073
 4.7042589000000135
 -16.495810000000006
 4.7479356999999709
 -16.565140000000042
 4.7826082999999926
 -16.616550000000075
 4.8082408999999871
 -16.649819999999977
 4.8248977000000082
 -16.664989999999989
 4.8324436999999421
 -16.662040000000104
 4.8310442999999736
 -16.641009999999994
 4.8205655999999522
 -16.602110000000039
 4.8010748999999464
 -16.545559999999966
 4.7727399999999989
 -16.471459999999979
 4.7357301999999777
 -16.380060000000014
 4.6900157999999692
 -16.271849999999972
 4.6359686000000124
 -16.147160000000042
 4.5735616999999706
 -16.006360000000029
 4.5031700000000114
 -15.849969999999985
 4.4249697999999853
 -15.678539999999998
 4.3392393999999399
 -15.492450000000019
 4.2462587999999641
 -15.292439999999999
 4.1462098999999739
 -15.079139999999995
 4.0395767999999634
 -3.3358719999999997e-17
 -3.5


