# Created by Octave 5.2.0, Thu Feb 04 21:42:31 2021 -03 <kuroneko@kuroneko-VirtualBox>
# name: xSOR
# type: sparse matrix
# nnz: 100
# rows: 1
# columns: 100
1 1 2.9325664446089555e+27
1 2 3.8488122150559323e+27
1 3 6.3201407896940377e+27
1 4 8.3942635234122894e+27
1 5 1.337653870015167e+28
1 6 1.8042210407703985e+28
1 7 2.7854819633462853e+28
1 8 3.8262212866973649e+28
1 9 5.7150241500997751e+28
1 10 8.0139575251938779e+28
1 11 1.1566222055083469e+29
1 12 1.659094802158418e+29
1 13 2.3111251151710187e+29
1 14 3.3973334084191646e+29
1 15 4.5629752789225234e+29
1 16 6.8849524349925545e+29
1 17 8.9073326843942564e+29
1 18 1.3815897324685418e+30
1 19 1.7201405472371531e+30
1 20 2.7464098645176276e+30
1 21 3.2878113186804113e+30
1 22 5.4104162266639909e+30
1 23 6.2224439032495846e+30
1 24 1.0566426201069662e+31
1 25 1.1665143953240312e+31
1 26 2.0464247192409745e+31
1 27 2.1669107752873125e+31
1 28 3.9315070678648155e+31
1 29 3.989757016504286e+31
1 30 7.4943284643887214e+31
1 31 7.2832837772828277e+31
1 32 1.4178239393118368e+32
1 33 1.3185431589298331e+32
1 34 2.6627187424925322e+32
1 35 2.3678284052846004e+32
1 36 4.9651474240260433e+32
1 37 4.2188116213905475e+32
1 38 9.1944815118827139e+32
1 39 7.459388265635913e+32
1 40 1.6911781392103679e+33
1 41 1.309101227760249e+33
1 42 3.0902418810389136e+33
1 43 2.2807594436350825e+33
1 44 5.6105599777154968e+33
1 45 3.9454583698797298e+33
1 46 1.0122696670755415e+34
1 47 6.7779684950430248e+33
1 48 1.8152009921304291e+34
1 49 1.1565260408034644e+34
1 50 3.2355687835574923e+34
1 51 1.9603457254586566e+34
1 52 5.7336340862817182e+34
1 53 3.3013934476729492e+34
1 54 1.0102201430901936e+35
1 55 5.5247682181380389e+34
1 56 1.7699447095670614e+35
1 57 9.1885557777499466e+34
1 58 3.0839667150178147e+35
1 59 1.5190107108207647e+35
1 60 5.3445687503397558e+35
1 61 2.4964285923695464e+35
1 62 9.2132623967544742e+35
1 63 4.0793164180516312e+35
1 64 1.5799924662730394e+36
1 65 6.6287565679798875e+35
1 66 2.6957458411942953e+36
1 67 1.0713262796519716e+36
1 68 4.5764160958557157e+36
1 69 1.722375480109641e+36
1 70 7.7309688957177813e+36
1 71 2.7550263175542986e+36
1 72 1.2996997747341999e+37
1 73 4.3852769976141909e+36
1 74 2.1746643051925187e+37
1 75 6.9475702605419875e+36
1 76 3.6217938444654175e+37
1 77 1.0958269031305785e+37
1 78 6.0046445401071456e+37
1 79 1.7213313614085081e+37
1 80 9.9117357349287343e+37
1 81 2.69403053322187e+37
1 82 1.629349623447979e+38
1 83 4.2041568270282774e+37
1 84 2.6684614783187849e+38
1 85 6.5501862792139005e+37
1 86 4.3573819962976013e+38
1 87 1.0212779910683681e+38
1 88 7.1048688565272788e+38
1 89 1.6003672861563009e+38
1 90 1.1601251640097097e+39
1 91 2.5400712172352387e+38
1 92 1.9074373649303785e+39
1 93 4.1373996805483347e+38
1 94 3.1894530582539871e+39
1 95 7.0545739425205488e+38
1 96 5.5150006013669093e+39
1 97 1.2899824931772563e+39
1 98 1.0101877189107485e+40
1 99 2.5799649863545127e+39
1 100 2.0130392888097996e+40


# name: erSOR
# type: scalar
0


# name: kSOR
# type: scalar
50


# name: tol
# type: scalar
9.9999999999999998e-20


# name: kmax
# type: scalar
50


# name: w
# type: scalar
2


# name: b
# type: matrix
# rows: 100
# columns: 1
 -111.40961899999991
 -102.29527350000001
 -8.762185000000045
 0.88104489999994939
 -9.116170000000011
 1.0580711000000065
 -9.4714069999999992
 1.2356998999999291
 -9.8269080000000031
 1.4135242999999491
 -10.182068000000072
 1.5910361999999623
 -10.535869999999989
 1.767925499999933
 -10.887480000000039
 1.9436809000000039
 -11.236060000000009
 2.1179890999999884
 -11.580769999999973
 2.2903355999999917
 -11.920669999999973
 2.460303999999951
 -12.255029999999977
 2.6274765999999659
 -12.582809999999995
 2.7914336999999705
 -12.903200000000027
 2.9516545000000178
 -13.215390000000014
 3.1077164000000153
 -13.518590000000074
 3.2592954999999506
 -13.811829999999986
 3.4059665000000336
 -14.094480000000033
 3.5472025000000258
 -14.365720000000067
 3.6828755999999885
 -14.624669999999981
 3.8123564999999076
 -14.870779999999968
 3.9354147000000239
 -15.103350000000091
 4.0517189000000258
 -15.321790000000021
 4.1608365999999819
 -15.525379999999984
 4.2626344999999901
 -15.71363000000008
 4.3567785999999273
 -15.886009999999999
 4.4430340000000115
 -16.042030000000011
 4.5210655999999858
 -16.181440000000066
 4.5907376999999769
 -16.303650000000005
 4.6518142000000466
 -16.408540000000073
 4.7042589000000135
 -16.495810000000006
 4.7479356999999709
 -16.565140000000042
 4.7826082999999926
 -16.616550000000075
 4.8082408999999871
 -16.649819999999977
 4.8248977000000082
 -16.664989999999989
 4.8324436999999421
 -16.662040000000104
 4.8310442999999736
 -16.641009999999994
 4.8205655999999522
 -16.602110000000039
 4.8010748999999464
 -16.545559999999966
 4.7727399999999989
 -16.471459999999979
 4.7357301999999777
 -16.380060000000014
 4.6900157999999692
 -16.271849999999972
 4.6359686000000124
 -16.147160000000042
 4.5735616999999706
 -16.006360000000029
 4.5031700000000114
 -15.849969999999985
 4.4249697999999853
 -15.678539999999998
 4.3392393999999399
 -15.492450000000019
 4.2462587999999641
 -15.292439999999999
 4.1462098999999739
 -15.079139999999995
 4.0395767999999634
 -3.3358719999999997e-17
 -3.5


