# Created by Octave 5.2.0, Thu Feb 04 21:42:31 2021 -03 <kuroneko@kuroneko-VirtualBox>
# name: jacobiMat
# type: sparse matrix
# nnz: 100
# rows: 1
# columns: 100
1 1 1.0151350233206395
1 2 0.52534933935905204
1 3 1.023846941968342
1 4 0.47792869607809424
1 5 1.0359180691801442
1 6 0.42960661589043392
1 7 1.0513991680812838
1 8 0.38068674016658433
1 9 1.0702819754449324
1 10 0.33146992818566928
1 11 1.0925010555605772
1 12 0.28224850286093106
1 13 1.1179372090143791
1 14 0.23330101979523923
1 15 1.1464220784449344
1 16 0.18488812837087087
1 17 1.177743766607908
1 18 0.13724903403070474
1 19 1.211653138513541
1 20 0.090599220684923654
1 21 1.2478705243966037
1 22 0.045128768476239145
1 23 1.2860924940262648
1 24 0.0010017125654753266
1 25 1.3259985929881093
1 26 -0.041643787710411224
1 27 1.3672576171592903
1 28 -0.082694573769147683
1 29 1.409533445334425
1 30 -0.12206126798933013
1 31 1.4524903001646254
1 32 -0.15967641809700103
1 33 1.4957973390608117
1 34 -0.19549207828878526
1 35 1.5391323369263559
1 36 -0.22947742132845708
1 37 1.5821849077191765
1 38 -0.26161657224412255
1 39 1.6246589080971974
1 40 -0.29190545664065859
1 41 1.6662740518220982
1 42 -0.32035007096214391
1 43 1.7067673581844223
1 44 -0.3469639498876112
1 45 1.7458938816179139
1 46 -0.37176614164411609
1 47 1.7834273183151315
1 48 -0.39477980015332831
1 49 1.8191599490072436
1 50 -0.41603026023821277
1 51 1.8529027480999227
1 52 -0.4355440105599383
1 53 1.8844852124958251
1 54 -0.45334773879147422
1 55 1.9137551973428573
1 56 -0.4694680444134014
1 57 1.9405792552748349
1 58 -0.48393090192283156
1 59 1.9648423571626921
1 60 -0.49676175628921293
1 61 1.986448544131511
1 62 -0.50798531230541699
1 63 2.0053216508680767
1 64 -0.51762592495180926
1 65 2.0214061201022138
1 66 -0.52570864709486376
1 67 2.0346689700207325
1 68 -0.53225998636487071
1 69 2.0451016880877679
1 70 -0.53730864050952298
1 71 2.0527231853579968
1 72 -0.54088721317705113
1 73 2.0575833221462418
1 74 -0.54303332117455894
1 75 2.0597672359996717
1 76 -0.54379205121458185
1 77 2.0594007316981395
1 78 -0.54321821473276988
1 79 2.0566567948363383
1 80 -0.54137870323325366
1 81 2.0517625954407186
1 82 -0.53835528967201107
1 83 2.045007770292766
1 84 -0.53424859309943751
1 85 2.0367542955872469
1 86 -0.52918128106919959
1 87 2.0274471114196544
1 88 -0.52330312546019764
1 89 2.0176259004498251
1 90 -0.51679538932439817
1 91 2.0079382221446926
1 92 -0.50987648215884596
1 93 1.9991538314577486
1 94 -0.50280799529974396
1 95 1.9921796900428159
1 96 -0.49590147922456873
1 97 1.9880765747647298
1 98 -0.48952635773924247
1 99 1.9880765747647298
1 100 -0.48411776530010214


# name: seidelMat
# type: sparse matrix
# nnz: 100
# rows: 1
# columns: 100
1 1 1.0151350233206398
1 2 0.52534933935905204
1 3 1.0238469419683423
1 4 0.47792869607809424
1 5 1.0359180691801442
1 6 0.42960661589043392
1 7 1.0513991680812835
1 8 0.38068674016658433
1 9 1.0702819754449322
1 10 0.33146992818566928
1 11 1.0925010555605772
1 12 0.28224850286093106
1 13 1.1179372090143793
1 14 0.23330101979523923
1 15 1.1464220784449342
1 16 0.18488812837087087
1 17 1.1777437666079078
1 18 0.13724903403070474
1 19 1.2116531385135407
1 20 0.090599220684923654
1 21 1.2478705243966033
1 22 0.045128768476239145
1 23 1.2860924940262644
1 24 0.0010017125654753266
1 25 1.3259985929881088
1 26 -0.041643787710411224
1 27 1.3672576171592901
1 28 -0.082694573769147683
1 29 1.4095334453344248
1 30 -0.12206126798933013
1 31 1.4524903001646252
1 32 -0.159676418097001
1 33 1.4957973390608112
1 34 -0.19549207828878523
1 35 1.5391323369263556
1 36 -0.22947742132845705
1 37 1.5821849077191765
1 38 -0.26161657224412255
1 39 1.6246589080971976
1 40 -0.29190545664065859
1 41 1.6662740518220984
1 42 -0.32035007096214396
1 43 1.7067673581844225
1 44 -0.3469639498876112
1 45 1.7458938816179139
1 46 -0.37176614164411603
1 47 1.783427318315131
1 48 -0.39477980015332825
1 49 1.8191599490072432
1 50 -0.41603026023821271
1 51 1.8529027480999223
1 52 -0.43554401055993824
1 53 1.8844852124958247
1 54 -0.45334773879147411
1 55 1.9137551973428566
1 56 -0.46946804441340134
1 57 1.9405792552748342
1 58 -0.48393090192283145
1 59 1.9648423571626914
1 60 -0.49676175628921276
1 61 1.9864485441315101
1 62 -0.50798531230541677
1 63 2.0053216508680758
1 64 -0.51762592495180904
1 65 2.0214061201022124
1 66 -0.52570864709486353
1 67 2.0346689700207308
1 68 -0.53225998636487037
1 69 2.0451016880877666
1 70 -0.53730864050952276
1 71 2.0527231853579959
1 72 -0.54088721317705091
1 73 2.057583322146241
1 74 -0.54303332117455849
1 75 2.0597672359996708
1 76 -0.54379205121458141
1 77 2.0594007316981386
1 78 -0.54321821473276954
1 79 2.0566567948363375
1 80 -0.54137870323325343
1 81 2.0517625954407182
1 82 -0.53835528967201096
1 83 2.045007770292766
1 84 -0.5342485930994374
1 85 2.0367542955872469
1 86 -0.52918128106919948
1 87 2.0274471114196548
1 88 -0.52330312546019742
1 89 2.0176259004498251
1 90 -0.51679538932439795
1 91 2.0079382221446931
1 92 -0.50987648215884573
1 93 1.9991538314577491
1 94 -0.50280799529974385
1 95 1.9921796900428161
1 96 -0.49590147922456868
1 97 1.9880765747647295
1 98 -0.48952635773924241
1 99 1.9880765747647295
1 100 -0.48411776530010209


