# Created by Octave 5.2.0, Sun Feb 07 20:20:15 2021 -03 <kuroneko@kuroneko-VirtualBox>
# name: xJacobi
# type: matrix
# rows: 1138
# columns: 1
 0.98999999737101785
 0
 1.2758493175579133e-16
 9.3293019167824904e-08
 -2.8801739622703933e-07
 4.2797666330271154e-07
 -1.3265801594625094e-08
 2.4125946695681863e-07
 -1.393834872794711e-07
 7.7780398907030559e-17
 1.306825052601097e-16
 0
 0
 0
 4.1255194969632235e-08
 0
 0
 0
 0
 -2.2623954026964222e-08
 -2.2894419591180734e-07
 0
 0
 0
 0
 -4.5752602841494872e-08
 8.7685896941360603e-08
 0
 0
 0
 5.331077696923706e-07
 5.331077696923706e-07
 0
 0
 3.9598534676538177e-07
 0
 2.0788330849912964e-07
 -2.6669785245439732e-08
 5.4819819413604695e-08
 4.0661398317732789e-08
 -1.0112234655975635e-08
 0
 8.6303321995500778e-08
 -3.0461547837170108e-07
 1.6842474024056817e-07
 0
 0
 -1.5706007324620866e-07
 -3.4631554849329471e-08
 -1.0112234655975635e-08
 0
 -1.1437500492959048e-08
 -5.6743025966961388e-07
 -2.9116795632269444e-07
 0
 0
 0
 0
 0
 0
 0
 0
 2.9921845336452354e-07
 -1.2522681711217113e-07
 -3.5643255935820376e-07
 -2.2624316619750293e-08
 1.7920386900199688e-07
 -1.3826802703446084e-07
 -2.0969581008215645e-07
 1.7737753517184398e-07
 0
 5.8878501253552673e-08
 0
 2.0784489774173835e-07
 -1.7746251967425057e-07
 -1.3569027337684139e-07
 -5.9641791702297918e-09
 2.6649408005485245e-07
 -5.3151776281162806e-08
 -1.521684156132683e-08
 2.3808985246674854e-08
 0
 0
 0
 0
 1.5864864259752182e-07
 -1.1279314948985294e-07
 0
 5.4371723794489555e-17
 0
 1.550253006187966e-08
 -1.0978312543417739e-16
 1.4701440696269136e-07
 1.8962035417415634e-07
 1.1753637487774213e-07
 3.4121860874986948e-08
 -8.2502600979302276e-08
 0
 -3.1907412294928542e-08
 -7.1183147336023105e-08
 7.5818106509789531e-08
 -1.2117009494653093e-07
 -2.5730893145556831e-07
 8.2633257427932403e-08
 -1.4259849639165156e-07
 0
 0
 1.8834015816116908e-07
 -3.8571429851596142e-08
 2.7426492920492645e-07
 1.6645205564342576e-07
 6.6278012234605778e-09
 -6.3443118912177284e-08
 5.1400781192311062e-07
 1.3042528428700261e-07
 -2.2929311233698147e-08
 0
 0
 -4.3796124799003721e-09
 0
 -1.4690284731761478e-07
 2.6197761662251707e-07
 4.4671175478794437e-07
 7.2644030058618846e-17
 1.3763272275809793e-07
 1.4858923700619795e-16
 5.8878501148963446e-08
 0
 -1.5463793086219885e-16
 -5.6037603411587687e-08
 -8.9221387477246715e-08
 -2.0789938465567422e-07
 -1.0883999612970165e-08
 0
 -3.6170800339483952e-07
 7.1178159162031533e-17
 3.3323768187243546e-07
 -2.7535819507578368e-07
 -8.8824175613914341e-08
 2.1963559817802218e-07
 0
 4.8397820993466802e-17
 -3.6873101013752974e-08
 8.2760052802887666e-08
 -2.1752123571002723e-07
 -6.2388141545073326e-17
 2.3181811864228613e-07
 0
 0
 0
 0
 0
 0
 0
 0
 0
 0
 0
 0
 8.3109662570513239e-17
 9.171610930540437e-08
 -6.8562245178303259e-08
 -1.3704421662608682e-07
 0
 8.4965954169144591e-08
 1.3476421689530111e-07
 0
 1.2925344357876744e-07
 6.9285011521789599e-17
 9.9053870431962556e-08
 0
 -7.9713628848753163e-17
 2.9096509720182595e-07
 0
 1.8644573085500382e-07
 1.1617062686644682e-08
 -3.6155851975602941e-07
 -1.1340876004362714e-07
 0
 -1.0529585507455867e-07
 0
 1.6259385383731112e-08
 2.5124447731954347e-08
 2.0818706019250154e-07
 0
 -7.9238612049927743e-08
 4.9291321002728445e-07
 0
 0
 0
 -1.7396856226279696e-07
 -3.637941837233041e-08
 1.2145404784201077e-07
 3.7975933379214451e-08
 2.7103113523346277e-07
 0
 9.7365591597779472e-17
 3.5812353248376083e-07
 0
 0
 -3.4742629499741066e-07
 1.4329590127960057e-07
 1.8138352091600828e-07
 0
 3.4811426538419858e-08
 -1.0585074103753376e-07
 1.1348826290235691e-08
 -1.6260400563868636e-07
 1.8358203809793838e-07
 -2.0034225129101444e-07
 1.1851663621005598e-07
 0
 1.4172832724101357e-07
 -1.0794968339602803e-16
 0
 -2.0252973145283438e-07
 -7.4567536907578261e-08
 6.8527351865438131e-08
 -1.3246419170650771e-07
 1.9823334435646935e-07
 -5.2642495299109368e-08
 -5.4834969169320736e-08
 0
 -1.0675018798128334e-07
 -1.340600280775025e-07
 3.0203669375804307e-07
 0
 -5.4697935374774968e-17
 0
 0
 3.2045848635348116e-07
 9.8443667250851694e-08
 0
 6.088434707115492e-17
 -7.2269317983934987e-08
 -1.1082309413970084e-07
 2.8349928842044188e-07
 -2.6574485101211947e-07
 1.3502560921605592e-07
 0
 -9.6952304201968625e-08
 -9.530108465690878e-08
 0
 4.219672789233623e-07
 3.7031369534167665e-17
 2.6512985623748649e-07
 0
 -5.6523675731927651e-17
 0
 3.1146715259589436e-07
 -2.3715643747332906e-07
 4.5104512354098305e-07
 1.5145112904051373e-07
 0
 7.6901409333802578e-08
 -1.1645119898017383e-07
 1.0799999139428135e-07
 3.0552005994513503e-07
 1.918072413363189e-07
 2.6179367420547283e-07
 8.3954341054965521e-08
 2.7308227969993627e-07
 0
 3.388056527712271e-07
 4.0291870380070799e-07
 0
 1.4133958477781751e-07
 3.7829327937162404e-08
 0
 -2.4080776756669749e-07
 0
 9.9209442422206379e-08
 7.721447248751161e-08
 0
 0
 9.411764703519807e-08
 9.4358965606964219e-08
 0
 4.9995412794638226e-08
 0
 0
 -2.760000308427218e-07
 9.3176455204894646e-08
 6.996610494267947e-08
 -7.6220935552334138e-08
 0
 0
 2.3534709377963161e-07
 -4.3658796943253907e-08
 0
 -1.0588008306122256e-08
 -2.1255385529657485e-08
 -1.2801589449408934e-07
 -1.2801589449408934e-07
 0
 0
 8.9993988403455345e-17
 1.3397313548146043e-07
 2.2959323662347643e-07
 2.4510805176119577e-07
 2.6012115132401564e-07
 0
 2.7999988792975909e-07
 -7.243322009211412e-08
 1.2377814833193283e-16
 0
 1.4484703051221941e-07
 0
 1.6856221184922268e-16
 1.6082742498685857e-07
 3.9891395673763872e-07
 7.721447248751161e-08
 0
 2.9247856271032263e-07
 5.9213712933635605e-08
 2.7764312075500907e-08
 -3.0461547837170108e-07
 2.9442072711391085e-07
 0
 0
 -1.7736712695124477e-07
 -1.8582680377095934e-07
 -1.3569073372286708e-07
 1.9270191595077435e-07
 8.4523708927175521e-08
 0
 1.1769489837544715e-07
 0
 4.9500000482574489e-08
 0
 0
 0
 0
 0
 3.3041696459174835e-08
 1.9562711545074419e-07
 1.9929686537347022e-07
 2.0959801723205445e-07
 2.0833767373065647e-07
 1.8424834134493812e-07
 -8.5067676007078475e-17
 1.4987807418097512e-07
 2.6411234814755636e-07
 3.5582528692404066e-07
 -3.7541229694059864e-08
 5.1696624688876885e-07
 0
 8.9833102001419305e-17
 1.1963751745955741e-07
 2.1181279968897401e-07
 0
 -1.3411513517997957e-07
 -1.173094147421308e-07
 6.9016279976131152e-08
 0
 -7.3553424739517864e-08
 8.4924495460523893e-17
 0
 0
 0
 7.851576910516305e-09
 0
 1.0345322751823582e-07
 0
 0
 7.1653118685449783e-08
 -1.9522886686251861e-07
 -2.3216068381510174e-07
 0
 7.4710422391091014e-08
 0
 -3.000000299246968e-07
 0
 0
 4.9167834424162917e-07
 0
 0
 0
 0
 0
 0
 0
 5.9335687001217e-08
 0
 0
 0
 0
 6.3803037442344157e-08
 -7.7634567682223283e-08
 0
 0
 4.8004731344504144e-07
 0
 -1.9838770193091327e-08
 -8.3979347842678462e-09
 5.1529992417565872e-08
 1.4482756328021884e-07
 -5.9110947888946174e-08
 0
 0
 -6.8705408052739504e-08
 0
 0
 0
 0
 -4.8153274649937899e-08
 9.9955819559496063e-08
 0
 -9.779922416148963e-08
 -3.6138088858467499e-07
 1.7544113652094263e-07
 4.4939233569025374e-07
 0
 2.5077119979590791e-07
 2.5077119979590791e-07
 1.6572649104986657e-07
 1.6572649104986657e-07
 -2.5472353061602851e-08
 0
 -2.2131792491736216e-07
 0
 0
 -9.885315501176383e-08
 -2.0449124119382269e-07
 3.1370706412577029e-17
 1.678462538000237e-08
 0
 1.9611720624190344e-07
 0
 0
 2.8634916280593935e-07
 2.8634916280593935e-07
 5.3111154073802014e-17
 0
 0
 0
 4.5601697931535237e-08
 0
 2.2706011654883364e-07
 0
 0
 0
 3.0146536764996701e-07
 -3.0977787422996995e-07
 1.0054734622141918e-07
 0
 2.3168527885904991e-07
 -3.9225794877248215e-07
 -1.9773053576859446e-07
 -5.4624759723977424e-08
 0
 4.2129476503627181e-08
 0
 -7.2581283145648931e-08
 0
 3.7888582937147285e-07
 0
 2.7952332955451961e-07
 0
 0
 0
 2.2312907293707131e-07
 0
 -1.6467467542965227e-16
 1.0790839012739812e-07
 -9.6610796690795144e-08
 0
 0
 0
 -1.6370903322240443e-16
 -4.9825948253139314e-17
 0
 -5.0019542005867514e-07
 2.8905280358102974e-08
