# Created by Octave 5.2.0, Sun Feb 07 19:01:48 2021 -03 <kuroneko@kuroneko-VirtualBox>
# name: xJacobi
# type: matrix
# rows: 48
# columns: 1
 1.0000003552143126
 1.0000010604669496
 0.9999981584499763
 1.0000032030997053
 0.99998895107876684
 0.99998349000703646
 0.99999587060830764
 0.99999951407614651
 0.99999682487677299
 1.0000249201817382
 0.99994054046692171
 0.99995793848169034
 0.99999969997916449
 1.0000099709246075
 1.0000059613989905
 0.99999257700081279
 0.99998662236510649
 0.99999676619408928
 1.0000115801103919
 1.0000084077124076
 1.0000089973129371
 1.0000156998031549
 0.99999726879462336
 0.99999015521619106
 1.0000426360772268
 0.99995395557159794
 1.0000805806540785
 1.0000167155646245
 0.99993138157409311
 0.99999886990850484
 0.99999923010862757
 1.000004283759063
 0.99999573020186183
 0.99994150793331948
 0.99998920717298767
 1.0000616773899607
 0.9999735409770163
 1.0000556443645123
 0.99995359334390765
 1.0000037155266566
 1.0000375400899739
 0.9999966720909369
 0.99998882855295801
 1.0000233624633157
 1.000002094691208
 1.0000066784670263
 1.0000169030716157
 0.99999962606596449


# name: xSeidel
# type: matrix
# rows: 48
# columns: 1
 0.96758800505693576
 0.97408896042958837
 0.99091779541191694
 1.0096108162895971
 0.96844980493869348
 0.964950889009769
 0.98963940325308575
 1.0066678276708805
 0.98475619543437476
 1.0037923315730239
 0.97678320339572144
 0.97729964679317571
 0.99826051584648401
 0.99520513698427382
 0.99907248382013358
 1.0117858115070697
 1.0032292415259909
 1.0113581702677616
 0.99466697419819394
 0.99433978562290581
 0.98649507346810505
 0.99595773309411295
 0.99302079100338692
 1.0047287098045117
 1.0267064790334959
 0.97505314008085564
 1.0237404442202407
 0.99999068652649958
 0.97131648470883303
 1.0024897684893266
 1.0082702866423228
 0.99728535367714954
 1.003814391305121
 0.98578748175801745
 1.0002974623410466
 1.0276786019228585
 0.96925120515869612
 1.0225387687838294
 0.9718112936112292
 0.9982023993858864
 1.0237854627568075
 0.99288822877885008
 1.0275014927230515
 1.0619782217907212
 0.96380042454775583
 1.0451251132071904
 1.0349956081801002
 1.0525789906190006


# name: xSOR
# type: matrix
# rows: 48
# columns: 1
 0.94470733950375041
 0.93223675049562194
 0.97580403047058772
 1.0114298191712598
 0.97226119315916792
 0.94436969720681563
 0.97602076720850384
 1.0283808673382806
 0.98287179830671423
 1.0203693059288133
 0.9632182863274974
 0.95586171310177781
 1.021398496722016
 0.99219748694172405
 0.97118254613753108
 1.027423667050529
 1.0038031971066452
 1.0211524715065692
 1.0101135256105698
 0.99948322252542565
 0.99113719357465546
 0.98718694838189758
 1.0066273616244632
 1.0103385669112468
 1.0310833455097983
 0.98074724484356013
 1.0339185160844
 1.0107810679545763
 0.97880217487798726
 1.0061257244912514
 1.0135122640061918
 0.99762237414468236
 1.0164658662191401
 1.0073266050210052
 0.98296412622605045
 1.0315027571989288
 0.95849228491259164
 1.0544985969785552
 0.99767961887712742
 1.0173123057115083
 1.0835296385606465
 1.0259611624818414
 1.0715779972125099
 1.0885122085190926
 0.99231206546098427
 1.0824681844975854
 1.0757583864716582
 1.1029628052333167


