# Created by Octave 5.2.0, Sun Feb 07 19:01:48 2021 -03 <kuroneko@kuroneko-VirtualBox>
# name: erSOR
# type: matrix
# rows: 1
# columns: 48
 0.048794683538646244 0.053809689695077934 0.022304553170650054 0.00035146010823927654 0.03233120562279812 0.048927569388137915 0.023258482648729095 0.011372952672501713 0.019156732867371296 0.012287335753637052 0.033830163696889959 0.035414183249242726 0.0076290519249595512 0.011040668358124783 0.024535421135690405 0.0076204960797150445 0.00548390529887266 0.0053799865246471068 0.0038575273210055272 0.018267345817733038 0.011143819212019568 0.015163306453469749 0.0034792785075354882 0.002878967117336817 0.01452759965567485 0.029263250884765224 0.01631040841719833 0.00362752272428013 0.034730013728770603 0.0053123232248437624 0.00045050369219978847 0.012390953923234971 5.6679794928404803e-05 0.026047773005234642 0.045686662816450729 0.0074723095369009229 0.074725997886980977 0.008674549469363857 0.053712963993715834 0.024880393255096278 0.032291533233533398 0.018491982561857245 0.023599936465489524 0.031284477181436232 0.043882452646833769 0.032849865579386295 0.027857507042862384 0.033775500893842736


# name: kSOR
# type: scalar
4


# name: tol
# type: scalar
0.0001


# name: kmax
# type: scalar
50


# name: w
# type: scalar
0.5


# name: reSOR
# type: scalar
0.80287038101731123


# name: xSOR
# type: matrix
# rows: 48
# columns: 1
 0.94470733950375041
 0.93223675049562194
 0.97580403047058772
 1.0114298191712598
 0.97226119315916792
 0.94436969720681563
 0.97602076720850384
 1.0283808673382806
 0.98287179830671423
 1.0203693059288133
 0.9632182863274974
 0.95586171310177781
 1.021398496722016
 0.99219748694172405
 0.97118254613753108
 1.027423667050529
 1.0038031971066452
 1.0211524715065692
 1.0101135256105698
 0.99948322252542565
 0.99113719357465546
 0.98718694838189758
 1.0066273616244632
 1.0103385669112468
 1.0310833455097983
 0.98074724484356013
 1.0339185160844
 1.0107810679545763
 0.97880217487798726
 1.0061257244912514
 1.0135122640061918
 0.99762237414468236
 1.0164658662191401
 1.0073266050210052
 0.98296412622605045
 1.0315027571989288
 0.95849228491259164
 1.0544985969785552
 0.99767961887712742
 1.0173123057115083
 1.0835296385606465
 1.0259611624818414
 1.0715779972125099
 1.0885122085190926
 0.99231206546098427
 1.0824681844975854
 1.0757583864716582
 1.1029628052333167


