# Created by Octave 5.2.0, Sun Feb 07 19:01:46 2021 -03 <kuroneko@kuroneko-VirtualBox>
# name: erSeidel
# type: matrix
# rows: 1
# columns: 48
 0.05108835952605606 0.049144479946129249 0.010807238854457557 0.022042070339074904 0.019660327239142461 0.04285363580615098 0.026076610850860882 0.0019213264705562061 0.042323660462427859 0.072776836173988224 0.02831830014887371 0.044573955874933513 0.022824614692098399 0.045254741994251502 0.0015864622675560991 0.03019690829470556 0.021696391931459003 0.014627621613704012 0.042471180500095462 0.035326397362004713 0.081257217862311659 0.017930228699160278 0.047956008169305231 0.0091119209168881721 0.0064227795955706934 0.0054596683930330236 0.013568296997280793 0.013653571145504362 0.0020898068233871081 0.029844898188456481 0.0063730135012280975 0.0026373514871587123 0.021305173518361586 0.05439660136806479 0.015829441776056385 0.016089954117948668 0.03066091244852498 0.012666798858431694 0.0045255962403351058 0.0098065978207595439 0.014508137580718561 0.00072306523980381066 0.089279756228528573 0.030109105385590196 0.058469249522681399 0.070206702732262594 0.10290053559797796 0.040297768751230478


# name: kSeidel
# type: scalar
3


# name: tol
# type: scalar
0.0011000000000000001


# name: kmax
# type: scalar
50


# name: reSeidel
# type: scalar
0.46254896097824544


# name: xSeidel
# type: matrix
# rows: 48
# columns: 1
 0.96758800505693576
 0.97408896042958837
 0.99091779541191694
 1.0096108162895971
 0.96844980493869348
 0.964950889009769
 0.98963940325308575
 1.0066678276708805
 0.98475619543437476
 1.0037923315730239
 0.97678320339572144
 0.97729964679317571
 0.99826051584648401
 0.99520513698427382
 0.99907248382013358
 1.0117858115070697
 1.0032292415259909
 1.0113581702677616
 0.99466697419819394
 0.99433978562290581
 0.98649507346810505
 0.99595773309411295
 0.99302079100338692
 1.0047287098045117
 1.0267064790334959
 0.97505314008085564
 1.0237404442202407
 0.99999068652649958
 0.97131648470883303
 1.0024897684893266
 1.0082702866423228
 0.99728535367714954
 1.003814391305121
 0.98578748175801745
 1.0002974623410466
 1.0276786019228585
 0.96925120515869612
 1.0225387687838294
 0.9718112936112292
 0.9982023993858864
 1.0237854627568075
 0.99288822877885008
 1.0275014927230515
 1.0619782217907212
 0.96380042454775583
 1.0451251132071904
 1.0349956081801002
 1.0525789906190006


