# Created by Octave 5.2.0, Sat Feb 06 17:50:14 2021 -03 <kuroneko@kuroneko-VirtualBox>
# name: xJacobi
# type: matrix
# rows: 100
# columns: 1
 1.0151350233206395
 0.52534933935905204
 1.023846941968342
 0.47792869607809424
 1.0359180691801442
 0.42960661589043392
 1.0513991680812838
 0.38068674016658433
 1.0702819754449324
 0.33146992818566928
 1.0925010555605772
 0.28224850286093106
 1.1179372090143791
 0.23330101979523923
 1.1464220784449344
 0.18488812837087087
 1.177743766607908
 0.13724903403070474
 1.211653138513541
 0.090599220684923654
 1.2478705243966037
 0.045128768476239145
 1.2860924940262648
 0.0010017125654753266
 1.3259985929881093
 -0.041643787710411224
 1.3672576171592903
 -0.082694573769147683
 1.409533445334425
 -0.12206126798933013
 1.4524903001646254
 -0.15967641809700103
 1.4957973390608117
 -0.19549207828878526
 1.5391323369263559
 -0.22947742132845708
 1.5821849077191765
 -0.26161657224412255
 1.6246589080971974
 -0.29190545664065859
 1.6662740518220982
 -0.32035007096214391
 1.7067673581844223
 -0.3469639498876112
 1.7458938816179139
 -0.37176614164411609
 1.7834273183151315
 -0.39477980015332831
 1.8191599490072436
 -0.41603026023821277
 1.8529027480999227
 -0.4355440105599383
 1.8844852124958251
 -0.45334773879147422
 1.9137551973428573
 -0.4694680444134014
 1.9405792552748349
 -0.48393090192283156
 1.9648423571626921
 -0.49676175628921293
 1.986448544131511
 -0.50798531230541699
 2.0053216508680767
 -0.51762592495180926
 2.0214061201022138
 -0.52570864709486376
 2.0346689700207325
 -0.53225998636487071
 2.0451016880877679
 -0.53730864050952298
 2.0527231853579968
 -0.54088721317705113
 2.0575833221462418
 -0.54303332117455894
 2.0597672359996717
 -0.54379205121458185
 2.0594007316981395
 -0.54321821473276988
 2.0566567948363383
 -0.54137870323325366
 2.0517625954407186
 -0.53835528967201107
 2.045007770292766
 -0.53424859309943751
 2.0367542955872469
 -0.52918128106919959
 2.0274471114196544
 -0.52330312546019764
 2.0176259004498251
 -0.51679538932439817
 2.0079382221446926
 -0.50987648215884596
 1.9991538314577486
 -0.50280799529974396
 1.9921796900428159
 -0.49590147922456873
 1.9880765747647298
 -0.48952635773924247
 1.9880765747647298
 -0.48411776530010214


# name: erJacobi
# type: matrix
# rows: 1
# columns: 51
 0 -1.0059985210773055 -1.0145324177932082 -1.02310018223351 -1.0317755217428013 -1.0405591332782687 -1.0494418852835121 -1.0584142412104531 -1.0674678863958249 -1.0765958359520058 -1.0857922417299233 -1.0950521723191546 -1.1043714255499109 -1.1137463800641216 -1.1231738802420188 -1.1326511471807819 -1.1421757094485723 -1.1517453487481406 -1.1613580568486153 -1.1710120010893552 -1.1807054964598265 -1.190436982770571 -1.2002050058027232 -1.2100082015957963 -1.2198452832338491 -1.2297150296387698 -1.2396162759905804 -1.249547905478499 -1.2595088421502192 -1.2694980446756958 -1.2795145008793529 -1.289557222923861 -1.299625243051433 -1.3097176098064722 -1.3198333846775048 -1.3299716391074714 -1.3401314518303007 -1.3503119064987255 -1.3605120895739193 -1.3707310884520252 -1.3809679898062497 -1.391221878126097 -1.4014918344376439 -1.4117769351906526 -1.4220762512998486 -1.4323888473289439 -1.4427137808070176 -1.4530501016677124 -1.4633968518024245 -1.4737530647192676 -1.4841177653001021


# name: kJacobi
# type: scalar
50


# name: tol
# type: scalar
9.9999999999999998e-20


# name: kmax
# type: scalar
50


# name: raioEspec
# type: scalar
1930.4845414807276


