# Created by Octave 5.2.0, Sat Feb 06 17:50:24 2021 -03 <kuroneko@kuroneko-VirtualBox>
# name: jacobiMat
# type: matrix
# rows: 100
# columns: 1
 1.0151350233206395
 0.52534933935905204
 1.023846941968342
 0.47792869607809424
 1.0359180691801442
 0.42960661589043392
 1.0513991680812838
 0.38068674016658433
 1.0702819754449324
 0.33146992818566928
 1.0925010555605772
 0.28224850286093106
 1.1179372090143791
 0.23330101979523923
 1.1464220784449344
 0.18488812837087087
 1.177743766607908
 0.13724903403070474
 1.211653138513541
 0.090599220684923654
 1.2478705243966037
 0.045128768476239145
 1.2860924940262648
 0.0010017125654753266
 1.3259985929881093
 -0.041643787710411224
 1.3672576171592903
 -0.082694573769147683
 1.409533445334425
 -0.12206126798933013
 1.4524903001646254
 -0.15967641809700103
 1.4957973390608117
 -0.19549207828878526
 1.5391323369263559
 -0.22947742132845708
 1.5821849077191765
 -0.26161657224412255
 1.6246589080971974
 -0.29190545664065859
 1.6662740518220982
 -0.32035007096214391
 1.7067673581844223
 -0.3469639498876112
 1.7458938816179139
 -0.37176614164411609
 1.7834273183151315
 -0.39477980015332831
 1.8191599490072436
 -0.41603026023821277
 1.8529027480999227
 -0.4355440105599383
 1.8844852124958251
 -0.45334773879147422
 1.9137551973428573
 -0.4694680444134014
 1.9405792552748349
 -0.48393090192283156
 1.9648423571626921
 -0.49676175628921293
 1.986448544131511
 -0.50798531230541699
 2.0053216508680767
 -0.51762592495180926
 2.0214061201022138
 -0.52570864709486376
 2.0346689700207325
 -0.53225998636487071
 2.0451016880877679
 -0.53730864050952298
 2.0527231853579968
 -0.54088721317705113
 2.0575833221462418
 -0.54303332117455894
 2.0597672359996717
 -0.54379205121458185
 2.0594007316981395
 -0.54321821473276988
 2.0566567948363383
 -0.54137870323325366
 2.0517625954407186
 -0.53835528967201107
 2.045007770292766
 -0.53424859309943751
 2.0367542955872469
 -0.52918128106919959
 2.0274471114196544
 -0.52330312546019764
 2.0176259004498251
 -0.51679538932439817
 2.0079382221446926
 -0.50987648215884596
 1.9991538314577486
 -0.50280799529974396
 1.9921796900428159
 -0.49590147922456873
 1.9880765747647298
 -0.48952635773924247
 1.9880765747647298
 -0.48411776530010214


# name: seidelMat
# type: matrix
# rows: 100
# columns: 1
 1.0151350233206398
 0.52534933935905204
 1.0238469419683423
 0.47792869607809424
 1.0359180691801442
 0.42960661589043392
 1.0513991680812835
 0.38068674016658433
 1.0702819754449322
 0.33146992818566928
 1.0925010555605772
 0.28224850286093106
 1.1179372090143793
 0.23330101979523923
 1.1464220784449342
 0.18488812837087087
 1.1777437666079078
 0.13724903403070474
 1.2116531385135407
 0.090599220684923654
 1.2478705243966033
 0.045128768476239145
 1.2860924940262644
 0.0010017125654753266
 1.3259985929881088
 -0.041643787710411224
 1.3672576171592901
 -0.082694573769147683
 1.4095334453344248
 -0.12206126798933013
 1.4524903001646252
 -0.159676418097001
 1.4957973390608112
 -0.19549207828878523
 1.5391323369263556
 -0.22947742132845705
 1.5821849077191765
 -0.26161657224412255
 1.6246589080971976
 -0.29190545664065859
 1.6662740518220984
 -0.32035007096214396
 1.7067673581844225
 -0.3469639498876112
 1.7458938816179139
 -0.37176614164411603
 1.783427318315131
 -0.39477980015332825
 1.8191599490072432
 -0.41603026023821271
 1.8529027480999223
 -0.43554401055993824
 1.8844852124958247
 -0.45334773879147411
 1.9137551973428566
 -0.46946804441340134
 1.9405792552748342
 -0.48393090192283145
 1.9648423571626914
 -0.49676175628921276
 1.9864485441315101
 -0.50798531230541677
 2.0053216508680758
 -0.51762592495180904
 2.0214061201022124
 -0.52570864709486353
 2.0346689700207308
 -0.53225998636487037
 2.0451016880877666
 -0.53730864050952276
 2.0527231853579959
 -0.54088721317705091
 2.057583322146241
 -0.54303332117455849
 2.0597672359996708
 -0.54379205121458141
 2.0594007316981386
 -0.54321821473276954
 2.0566567948363375
 -0.54137870323325343
 2.0517625954407182
 -0.53835528967201096
 2.045007770292766
 -0.5342485930994374
 2.0367542955872469
 -0.52918128106919948
 2.0274471114196548
 -0.52330312546019742
 2.0176259004498251
 -0.51679538932439795
 2.0079382221446931
 -0.50987648215884573
 1.9991538314577491
 -0.50280799529974385
 1.9921796900428161
 -0.49590147922456868
 1.9880765747647295
 -0.48952635773924241
 1.9880765747647295
 -0.48411776530010209


# name: sorMat
# type: scalar
0


