# Created by Octave 5.2.0, Fri Feb 05 21:37:43 2021 -03 <kuroneko@kuroneko-VirtualBox>
# name: xJacobi
# type: matrix
# rows: 100
# columns: 1
 1.3958114062681328
 0.62263755333301096
 1.4416732412653428
 0.58373400582011448
 1.492207897869156
 0.54263679864716385
 1.5475390156247315
 0.49940034148563439
 1.607746416923735
 0.454097276860779
 1.672862455090506
 0.40681860040166173
 1.7428694711454211
 0.35767345009853951
 1.8176974529802739
 0.30678892032674793
 1.8972226819390841
 0.25430942608297785
 1.9812671778018844
 0.20039614017802948
 2.0695989735911087
 0.14522595116858009
 2.1619329950468806
 0.088990366054189973
 2.2579331716789595
 0.031894239359970496
 2.3572146708097694
 -0.02584565948634503
 2.4593472515415082
 -0.084002456725620719
 2.5638593698133829
 -0.14234096219175046
 2.6702429565244499
 -0.20061934544909998
 2.7779580860894471
 -0.25859112967759335
 2.8864390689308821
 -0.31600758072895235
 2.9951003551923381
 -0.37261913700110749
 3.1033422543377469
 -0.42817822745150497
 3.2105580893554828
 -0.48244110252848987
 3.3161407264355569
 -0.53516995244260201
 3.4194897555498969
 -0.58613540167124356
 3.5200176384293864
 -0.63511808420939508
 3.6171567938998734
 -0.68191083749599701
 3.7103660727922461
 -0.72632059034552521
 3.7991370869096812
 -0.76817063439687427
 3.8830015982161319
 -0.80730221110466682
 3.9615363907095209
 -0.84357645954403926
 4.0343701552064566
 -0.87687560970473666
 4.1011891880180382
 -0.90710452578658707
 4.161742064588708
 -0.93419269981855479
 4.2158460758086278
 -0.95809552149617461
 4.2633915282880102
 -0.97879513592840794
 4.3043471327473704
 -0.99630216223320378
 4.3387646367512644
 -1.0106562373785908
 4.3667832726517499
 -1.0219278860345793
 4.388634709771007
 -1.0302197096999162
 4.4046481441064413
 -1.0356672553685067
 4.4152537402944079
 -1.0384400028497889
 4.4209865952264789
 -1.0387434035465506
 4.4224920680944209
 -1.0368194143318561
 4.4205296149304161
 -1.0329489681673503
 4.4159763592762227
 -1.0274530187276258
 4.409831012342587
 -1.0206947036331464
 4.4032173891550359
 -1.0130814148826286
 4.3973858059646656
 -1.0050672149295645
 4.3937155442279483
 -0.99715607320637933
 4.3937155442279483
 -0.98990423561303731


# name: erJacobi
# type: matrix
# rows: 1
# columns: 101
 0 0.56546674243621964 0.33800150301377535 0.20893890546323868 0.15203392969579796 0.12987867821691618 0.11766861706451283 0.10834307128592997 0.10094156962560102 0.094897056121982973 0.089850626028009625 0.085562756550339278 0.081866776683188619 0.076534260027749018 0.071402035510487127 0.066930573028889023 0.063000084893167219 0.059517943995622775 0.056411412802688368 0.053622607084347268 0.051104911712746996 0.048820379502083906 0.046741875705452782 0.044840560157176836 0.043093432627847705 0.041482274378279872 0.039991623538092234 0.038608272062514534 0.03732086907450944 0.036119605250908612 0.034995959567241906 0.033945025419103894 0.032960026739675685 0.032032776418928127 0.031158216612120336 0.030331860145184641 0.029548832411747918 0.028805508182185271 0.028101258765269369 0.027434499572733435 0.026799634889325442 0.026194335363435215 0.02561649164990237 0.025064189166916984 0.024536991790854865 0.024034782157931513 0.023553228120384399 0.023091008964825625 0.022646913558056699 0.022219995276920937 0.021812617669154159 0.021420194817844206 0.02104186026159156 0.020675339120340287 0.020322381525932305 0.01998335706339472 0.01965550980360661 0.019338247816839998 0.019031697746739875 0.018736903698012276 0.018451088804223095 0.018173807502459508 0.017906074712179632 0.017647122692100975 0.017395480419673974 0.017151568084672851 0.016914428161830718 0.016683192935769614 0.016458994769946233 0.016241196231342368 0.01602921461746069 0.015823299283699716 0.015622623508036029 0.015427115144536598 0.015236200988474844 0.015049692963757832 0.014867413039942216 0.01468868955257175 0.014512935943424116 0.014340956930726331 0.014172608211164598 0.014007752795578197 0.013846260567935019 0.013688007875359327 0.013532877146678187 0.013380756537176417 0.013231539597475094 0.013085039522593388 0.012940060812688583 0.012797720352140381 0.012657929984620545 0.012520605613081673 0.012385666977363933 0.01225303744580295 0.012122643819821886 0.011994416150581817 0.011868287566837358 0.011743504203348775 0.011620301012954236 0.011499035245252876 0.011379650489801411


# name: kJacobi
# type: scalar
100


# name: tol
# type: scalar
0.0001


# name: kmax
# type: scalar
100


# name: b
# type: matrix
# rows: 100
# columns: 1
 -111.40961899999991
 -102.29527350000001
 -8.762185000000045
 0.88104489999994939
 -9.116170000000011
 1.0580711000000065
 -9.4714069999999992
 1.2356998999999291
 -9.8269080000000031
 1.4135242999999491
 -10.182068000000072
 1.5910361999999623
 -10.535869999999989
 1.767925499999933
 -10.887480000000039
 1.9436809000000039
 -11.236060000000009
 2.1179890999999884
 -11.580769999999973
 2.2903355999999917
 -11.920669999999973
 2.460303999999951
 -12.255029999999977
 2.6274765999999659
 -12.582809999999995
 2.7914336999999705
 -12.903200000000027
 2.9516545000000178
 -13.215390000000014
 3.1077164000000153
 -13.518590000000074
 3.2592954999999506
 -13.811829999999986
 3.4059665000000336
 -14.094480000000033
 3.5472025000000258
 -14.365720000000067
 3.6828755999999885
 -14.624669999999981
 3.8123564999999076
 -14.870779999999968
 3.9354147000000239
 -15.103350000000091
 4.0517189000000258
 -15.321790000000021
 4.1608365999999819
 -15.525379999999984
 4.2626344999999901
 -15.71363000000008
 4.3567785999999273
 -15.886009999999999
 4.4430340000000115
 -16.042030000000011
 4.5210655999999858
 -16.181440000000066
 4.5907376999999769
 -16.303650000000005
 4.6518142000000466
 -16.408540000000073
 4.7042589000000135
 -16.495810000000006
 4.7479356999999709
 -16.565140000000042
 4.7826082999999926
 -16.616550000000075
 4.8082408999999871
 -16.649819999999977
 4.8248977000000082
 -16.664989999999989
 4.8324436999999421
 -16.662040000000104
 4.8310442999999736
 -16.641009999999994
 4.8205655999999522
 -16.602110000000039
 4.8010748999999464
 -16.545559999999966
 4.7727399999999989
 -16.471459999999979
 4.7357301999999777
 -16.380060000000014
 4.6900157999999692
 -16.271849999999972
 4.6359686000000124
 -16.147160000000042
 4.5735616999999706
 -16.006360000000029
 4.5031700000000114
 -15.849969999999985
 4.4249697999999853
 -15.678539999999998
 4.3392393999999399
 -15.492450000000019
 4.2462587999999641
 -15.292439999999999
 4.1462098999999739
 -15.079139999999995
 4.0395767999999634
 -3.3358719999999997e-17
 -3.5


