# Created by Octave 5.2.0, Fri Feb 05 21:38:19 2021 -03 <kuroneko@kuroneko-VirtualBox>
# name: xSeidel
# type: matrix
# rows: 100
# columns: 1
 1.3958114062681328
 0.62263755333301096
 1.4416732412653428
 0.58373400582011448
 1.492207897869156
 0.54263679864716396
 1.5475390156247315
 0.49940034148563445
 1.6077464169237348
 0.45409727686077905
 1.6728624550905058
 0.40681860040166173
 1.7428694711454213
 0.35767345009853951
 1.8176974529802739
 0.30678892032674793
 1.8972226819390838
 0.25430942608297785
 1.981267177801884
 0.20039614017802942
 2.0695989735911087
 0.14522595116858
 2.1619329950468806
 0.088990366054189876
 2.2579331716789595
 0.031894239359970399
 2.3572146708097685
 -0.02584565948634512
 2.4593472515415074
 -0.08400245672562083
 2.5638593698133811
 -0.14234096219175058
 2.6702429565244472
 -0.20061934544910007
 2.7779580860894435
 -0.25859112967759346
 2.8864390689308776
 -0.31600758072895246
 2.9951003551923332
 -0.3726191370011076
 3.103342254337742
 -0.42817822745150513
 3.2105580893554779
 -0.4824411025284901
 3.3161407264355529
 -0.53516995244260246
 3.4194897555498938
 -0.58613540167124412
 3.5200176384293829
 -0.63511808420939575
 3.6171567938998694
 -0.68191083749599757
 3.7103660727922425
 -0.72632059034552543
 3.7991370869096781
 -0.76817063439687439
 3.8830015982161297
 -0.80730221110466682
 3.9615363907095191
 -0.84357645954403915
 4.0343701552064557
 -0.87687560970473621
 4.1011891880180373
 -0.90710452578658651
 4.1617420645887071
 -0.93419269981855402
 4.215846075808626
 -0.9580955214961735
 4.2633915282880084
 -0.97879513592840672
 4.3043471327473686
 -0.99630216223320245
 4.3387646367512627
 -1.0106562373785895
 4.3667832726517481
 -1.0219278860345777
 4.3886347097710061
 -1.0302197096999144
 4.4046481441064405
 -1.0356672553685047
 4.415253740294407
 -1.0384400028497871
 4.420986595226478
 -1.0387434035465488
 4.4224920680944191
 -1.0368194143318541
 4.4205296149304134
 -1.0329489681673485
 4.4159763592762209
 -1.0274530187276238
 4.4098310123425852
 -1.0206947036331444
 4.4032173891550341
 -1.0130814148826264
 4.3973858059646638
 -1.0050672149295625
 4.3937155442279456
 -0.99715607320637734
 4.3937155442279456
 -0.98990423561303531


# name: erSeidel
# type: matrix
# rows: 1
# columns: 101
 0 0.56546674243621975 0.33800150301377546 0.20893890546323854 0.15203392969579796 0.12987867821691637 0.11766861706451265 0.10834307128593013 0.10094156962560102 0.094897056121982973 0.089850626028009473 0.085562756550339139 0.081866776683188605 0.076534260027749129 0.071402035510487127 0.066930573028889023 0.063000084893167219 0.059517943995622775 0.056411412802688368 0.053622607084347268 0.051104911712746864 0.048820379502083788 0.046741875705452803 0.044840560157176849 0.043093432627847712 0.041482274378279768 0.039991623538092366 0.038608272062514548 0.037320869074509461 0.036119605250908432 0.034995959567242114 0.033945025419103894 0.032960026739675692 0.032032776418928308 0.031158216612120017 0.030331860145184797 0.029548832411747616 0.028805508182185136 0.02810125876526938 0.02743449957273331 0.026799634889325321 0.026194335363435357 0.025616491649902508 0.025064189166916991 0.024536991790854872 0.024034782157931402 0.02355322812038441 0.023091008964825754 0.02264691355805671 0.022219995276920836 0.021812617669154381 0.021420194817844216 0.021041860261591362 0.020675339120340298 0.020322381525932708 0.019983357063394533 0.019655509803606617 0.019338247816840196 0.019031697746739885 0.018736903698012102 0.018451088804223279 0.018173807502459338 0.017906074712179636 0.017647122692100645 0.017395480419673974 0.017151568084672688 0.016914428161830718 0.016683192935769614 0.016458994769946382 0.016241196231342063 0.016029214617460839 0.015823299283699719 0.015622623508036325 0.015427115144536601 0.015236200988474986 0.015049692963757834 0.014867413039942219 0.014688689552571617 0.014512935943424118 0.014340956930726203 0.014172608211164471 0.014007752795578199 0.013846260567935142 0.013688007875359325 0.013532877146678186 0.013380756537176417 0.013231539597475096 0.013085039522593508 0.01294006081268847 0.012797720352140269 0.012657929984620661 0.012520605613081787 0.012385666977364044 0.01225303744580295 0.012122643819821671 0.011994416150581817 0.011868287566837362 0.011743504203348777 0.011620301012954446 0.01149903524525288 0.011379650489801215


# name: kSeidel
# type: scalar
100


# name: tol
# type: scalar
0.0001


# name: kmax
# type: scalar
100


# name: b
# type: matrix
# rows: 100
# columns: 1
 -111.40961899999991
 -102.29527350000001
 -8.762185000000045
 0.88104489999994939
 -9.116170000000011
 1.0580711000000065
 -9.4714069999999992
 1.2356998999999291
 -9.8269080000000031
 1.4135242999999491
 -10.182068000000072
 1.5910361999999623
 -10.535869999999989
 1.767925499999933
 -10.887480000000039
 1.9436809000000039
 -11.236060000000009
 2.1179890999999884
 -11.580769999999973
 2.2903355999999917
 -11.920669999999973
 2.460303999999951
 -12.255029999999977
 2.6274765999999659
 -12.582809999999995
 2.7914336999999705
 -12.903200000000027
 2.9516545000000178
 -13.215390000000014
 3.1077164000000153
 -13.518590000000074
 3.2592954999999506
 -13.811829999999986
 3.4059665000000336
 -14.094480000000033
 3.5472025000000258
 -14.365720000000067
 3.6828755999999885
 -14.624669999999981
 3.8123564999999076
 -14.870779999999968
 3.9354147000000239
 -15.103350000000091
 4.0517189000000258
 -15.321790000000021
 4.1608365999999819
 -15.525379999999984
 4.2626344999999901
 -15.71363000000008
 4.3567785999999273
 -15.886009999999999
 4.4430340000000115
 -16.042030000000011
 4.5210655999999858
 -16.181440000000066
 4.5907376999999769
 -16.303650000000005
 4.6518142000000466
 -16.408540000000073
 4.7042589000000135
 -16.495810000000006
 4.7479356999999709
 -16.565140000000042
 4.7826082999999926
 -16.616550000000075
 4.8082408999999871
 -16.649819999999977
 4.8248977000000082
 -16.664989999999989
 4.8324436999999421
 -16.662040000000104
 4.8310442999999736
 -16.641009999999994
 4.8205655999999522
 -16.602110000000039
 4.8010748999999464
 -16.545559999999966
 4.7727399999999989
 -16.471459999999979
 4.7357301999999777
 -16.380060000000014
 4.6900157999999692
 -16.271849999999972
 4.6359686000000124
 -16.147160000000042
 4.5735616999999706
 -16.006360000000029
 4.5031700000000114
 -15.849969999999985
 4.4249697999999853
 -15.678539999999998
 4.3392393999999399
 -15.492450000000019
 4.2462587999999641
 -15.292439999999999
 4.1462098999999739
 -15.079139999999995
 4.0395767999999634
 -3.3358719999999997e-17
 -3.5


