# Created by Octave 5.2.0, Sat Feb 06 18:59:23 2021 -03 <kuroneko@kuroneko-VirtualBox>
# name: erSeidel
# type: matrix
# rows: 1
# columns: 100
 0.40000615315436383 0.37525056901328047 0.44613817664074107 0.41380592275699335 0.49693179078439065 0.45451399267765324 0.55251033891110934 0.4973115834951905 0.61295377070684387 0.54211297319181861 0.67829492825191895 0.58880689602749059 0.74851692916530499 0.63725120763598797 0.82355074292767483 0.68726154686028385 0.90327375641612562 0.73858526486338327 0.9875091440840511 0.79083021273019005 1.0760260782319071 0.84322536023949235 1.1685405559230961 0.89345294332421687 1.2647174721992109 0.92380950785713767 1.3641728272016902 1.0733530950640533 1.4664770663411213 1.095996132014966 1.5711591813067125 1.1476250042339 1.6777114920130787 1.202925752745587 1.7855943237441108 1.2591350738223324 1.8942421142460277 1.3153364135110943 2.0030693333195897 1.3710272470602143 2.1114762191795657 1.4258433049848653 2.218855951415323 1.4794797083922375 2.3246011979478269 1.5316636420189924 2.4281113122313895 1.5821443151378434 2.5287984956733482 1.6306885682805445 2.6260948967648998 1.6770799762323523 2.7194590975571362 1.721119022855025 2.808382452247173 1.762624372464991 2.8923964849034465 1.8014338435053303 2.9710777658352159 1.8374059689860269 3.0440548008353314 1.8704209344818832 3.1110137307230068 1.9003819522065672 3.1717030030350104 1.9272171424518505 3.2259398050491779 1.9508807258228442 3.2736143562788511 1.971353828199967 3.3146952866797319 1.9886461696099547 3.3492342547434735 2.0027965894430371 3.3773703764110778 2.0138749161195184 3.3993351538372107 2.0219831657474661 3.415457535778446 2.0272564310403394 3.4261673231573395 2.0298639015526305 3.4319990900115238 2.030010952864052 3.4335974648080523 2.0279397390072251 3.4317209082362075 2.0239317446136558 3.4272452209328135 2.0183089205897637 3.4211673967983085 2.0114359573020946 3.414609070836891 2.0037224755469132 3.4088178504901219 1.995625568614487 3.4051697254379576 1.9876531604101912 3.4051697254379576 1.9803664650448003


# name: erAbSeidel
# type: matrix
# rows: 1
# columns: 100
 0.39581140626813283 -0.37736244666698904 0.4416732412653428 -0.41626599417988552 0.49220789786915597 -0.45736320135283604 0.54753901562473151 -0.5005996585143655 0.60774641692373477 -0.54590272313922095 0.6728624550905058 -0.59318139959833827 0.74286947114542135 -0.64232654990146054 0.81769745298027385 -0.69321107967325202 0.89722268193908383 -0.74569057391702209 0.98126717780188399 -0.79960385982197058 1.0695989735911087 -0.85477404883141994 1.1619329950468806 -0.91100963394581014 1.2579331716789595 -0.96810576064002962 1.3572146708097685 -1.0258456594863452 1.4593472515415074 -1.0840024567256208 1.5638593698133811 -1.1423409621917506 1.6702429565244472 -1.2006193454491001 1.7779580860894435 -1.2585911296775936 1.8864390689308776 -1.3160075807289524 1.9951003551923332 -1.3726191370011076 2.103342254337742 -1.4281782274515051 2.2105580893554779 -1.48244110252849 2.3161407264355529 -1.5351699524426023 2.4194897555498938 -1.5861354016712441 2.5200176384293829 -1.6351180842093958 2.6171567938998694 -1.6819108374959977 2.7103660727922425 -1.7263205903455254 2.7991370869096781 -1.7681706343968744 2.8830015982161297 -1.8073022111046668 2.9615363907095191 -1.8435764595440391 3.0343701552064557 -1.8768756097047361 3.1011891880180373 -1.9071045257865866 3.1617420645887071 -1.9341926998185541 3.215846075808626 -1.9580955214961735 3.2633915282880084 -1.9787951359284066 3.3043471327473686 -1.9963021622332024 3.3387646367512627 -2.0106562373785897 3.3667832726517481 -2.021927886034578 3.3886347097710061 -2.0302197096999146 3.4046481441064405 -2.0356672553685047 3.415253740294407 -2.0384400028497871 3.420986595226478 -2.0387434035465488 3.4224920680944191 -2.0368194143318541 3.4205296149304134 -2.0329489681673483 3.4159763592762209 -2.0274530187276238 3.4098310123425852 -2.0206947036331444 3.4032173891550341 -2.0130814148826266 3.3973858059646638 -2.0050672149295625 3.3937155442279456 -1.9971560732063773 3.3937155442279456 -1.9899042356130354


# name: kSeidel
# type: scalar
100


# name: tol
# type: scalar
0.0001


# name: kmax
# type: scalar
100


# name: raioEspec
# type: scalar
1930.4845414807296


# name: xSeidel
# type: matrix
# rows: 100
# columns: 1
 1.3958114062681328
 0.62263755333301096
 1.4416732412653428
 0.58373400582011448
 1.492207897869156
 0.54263679864716396
 1.5475390156247315
 0.49940034148563445
 1.6077464169237348
 0.45409727686077905
 1.6728624550905058
 0.40681860040166173
 1.7428694711454213
 0.35767345009853951
 1.8176974529802739
 0.30678892032674793
 1.8972226819390838
 0.25430942608297785
 1.981267177801884
 0.20039614017802942
 2.0695989735911087
 0.14522595116858
 2.1619329950468806
 0.088990366054189876
 2.2579331716789595
 0.031894239359970399
 2.3572146708097685
 -0.02584565948634512
 2.4593472515415074
 -0.08400245672562083
 2.5638593698133811
 -0.14234096219175058
 2.6702429565244472
 -0.20061934544910007
 2.7779580860894435
 -0.25859112967759346
 2.8864390689308776
 -0.31600758072895246
 2.9951003551923332
 -0.3726191370011076
 3.103342254337742
 -0.42817822745150513
 3.2105580893554779
 -0.4824411025284901
 3.3161407264355529
 -0.53516995244260246
 3.4194897555498938
 -0.58613540167124412
 3.5200176384293829
 -0.63511808420939575
 3.6171567938998694
 -0.68191083749599757
 3.7103660727922425
 -0.72632059034552543
 3.7991370869096781
 -0.76817063439687439
 3.8830015982161297
 -0.80730221110466682
 3.9615363907095191
 -0.84357645954403915
 4.0343701552064557
 -0.87687560970473621
 4.1011891880180373
 -0.90710452578658651
 4.1617420645887071
 -0.93419269981855402
 4.215846075808626
 -0.9580955214961735
 4.2633915282880084
 -0.97879513592840672
 4.3043471327473686
 -0.99630216223320245
 4.3387646367512627
 -1.0106562373785895
 4.3667832726517481
 -1.0219278860345777
 4.3886347097710061
 -1.0302197096999144
 4.4046481441064405
 -1.0356672553685047
 4.415253740294407
 -1.0384400028497871
 4.420986595226478
 -1.0387434035465488
 4.4224920680944191
 -1.0368194143318541
 4.4205296149304134
 -1.0329489681673485
 4.4159763592762209
 -1.0274530187276238
 4.4098310123425852
 -1.0206947036331444
 4.4032173891550341
 -1.0130814148826264
 4.3973858059646638
 -1.0050672149295625
 4.3937155442279456
 -0.99715607320637734
 4.3937155442279456
 -0.98990423561303531


