# Created by Octave 5.2.0, Sat Feb 06 18:59:02 2021 -03 <kuroneko@kuroneko-VirtualBox>
# name: erJacobi
# type: matrix
# rows: 1
# columns: 100
 0.011229358674393388 0.011229358674393388 0.011229358674393388 0.011229358674393388 0.011229358674393388 0.011229358674393388 0.011229358674393388 0.011229358674393388 0.011229358674393388 0.011229358674393388 0.011229358674393388 0.011229358674393388 0.011229358674393388 0.011229358674393388 0.011229358674393388 0.011229358674393388 0.011229358674393388 0.011229358674393388 0.011229358674393388 0.011229358674393388 0.011229358674393388 0.011229358674393388 0.011229358674393388 0.011229358674393388 0.011229358674393388 0.011229358674393388 0.011229358674393388 0.011229358674393388 0.011229358674393388 0.011229358674393388 0.011229358674393388 0.011229358674393388 0.011229358674393388 0.011229358674393388 0.011229358674393388 0.011229358674393388 0.011229358674393388 0.011229358674393388 0.011229358674393388 0.011229358674393388 0.011229358674393388 0.011229358674393388 0.011229358674393388 0.011229358674393388 0.011229358674393388 0.011229358674393388 0.011229358674393388 0.011229358674393388 0.011229358674393388 0.011229358674393388 0.011229358674393388 0.011229358674393388 0.011229358674393388 0.011229358674393388 0.011229358674393388 0.011229358674393388 0.011229358674393388 0.011229358674393388 0.011229358674393388 0.011229358674393388 0.011229358674393388 0.011229358674393388 0.011229358674393388 0.011229358674393388 0.011229358674393388 0.011229358674393388 0.011229358674393388 0.011229358674393388 0.011229358674393388 0.011229358674393388 0.011229358674393388 0.011229358674393388 0.011229358674393388 0.011229358674393388 0.011229358674393388 0.011229358674393388 0.010700444066204549 0.010700444066204549 0.010809391672005571 0.010809391672005571 0.010913582862932057 0.010913582862932057 0.011012494785045847 0.011012494785045847 0.011105396713633208 0.011105396713633208 0.011105396713633208 0.011105396713633208 0.011105396713633208 0.011105396713633208 0.011105396713633208 0.011105396713633208 0.011105396713633208 0.011105396713633208 0.011105396713633208 0.011105396713633208 0.011105396713633208 0.011105396713633208 0.011105396713633208 0.011105396713633208


# name: erAbJacobi
# type: matrix
# rows: 1
# columns: 100
 0.39581140626813283 -0.37736244666698904 0.4416732412653428 -0.41626599417988552 0.49220789786915597 -0.45736320135283615 0.54753901562473151 -0.50059965851436561 0.60774641692373499 -0.54590272313922106 0.67286245509050602 -0.59318139959833827 0.74286947114542112 -0.64232654990146054 0.81769745298027385 -0.69321107967325202 0.89722268193908405 -0.74569057391702209 0.98126717780188444 -0.79960385982197058 1.0695989735911087 -0.85477404883141994 1.1619329950468806 -0.91100963394581003 1.2579331716789595 -0.96810576064002951 1.3572146708097694 -1.025845659486345 1.4593472515415082 -1.0840024567256208 1.5638593698133829 -1.1423409621917504 1.6702429565244499 -1.2006193454491001 1.7779580860894471 -1.2585911296775933 1.8864390689308821 -1.3160075807289524 1.9951003551923381 -1.3726191370011076 2.1033422543377469 -1.4281782274515049 2.2105580893554828 -1.4824411025284898 2.3161407264355569 -1.5351699524426019 2.4194897555498969 -1.5861354016712435 2.5200176384293864 -1.6351180842093951 2.6171567938998734 -1.681910837495997 2.7103660727922461 -1.7263205903455252 2.7991370869096812 -1.7681706343968742 2.8830015982161319 -1.8073022111046668 2.9615363907095209 -1.8435764595440394 3.0343701552064566 -1.8768756097047365 3.1011891880180382 -1.9071045257865871 3.161742064588708 -1.9341926998185548 3.2158460758086278 -1.9580955214961746 3.2633915282880102 -1.9787951359284079 3.3043471327473704 -1.9963021622332038 3.3387646367512644 -2.0106562373785906 3.3667832726517499 -2.0219278860345793 3.388634709771007 -2.0302197096999164 3.4046481441064413 -2.0356672553685069 3.4152537402944079 -2.0384400028497889 3.4209865952264789 -2.0387434035465506 3.4224920680944209 -2.0368194143318563 3.4205296149304161 -2.03294896816735 3.4159763592762227 -2.0274530187276261 3.409831012342587 -2.0206947036331462 3.4032173891550359 -2.0130814148826284 3.3973858059646656 -2.0050672149295643 3.3937155442279483 -1.9971560732063793 3.3937155442279483 -1.9899042356130372


# name: kJacobi
# type: scalar
100


# name: tol
# type: scalar
0.0001


# name: kmax
# type: scalar
100


# name: raioEspec
# type: scalar
1930.4845414807296


# name: xJacobi
# type: matrix
# rows: 100
# columns: 1
 1.3958114062681328
 0.62263755333301096
 1.4416732412653428
 0.58373400582011448
 1.492207897869156
 0.54263679864716385
 1.5475390156247315
 0.49940034148563439
 1.607746416923735
 0.454097276860779
 1.672862455090506
 0.40681860040166173
 1.7428694711454211
 0.35767345009853951
 1.8176974529802739
 0.30678892032674793
 1.8972226819390841
 0.25430942608297785
 1.9812671778018844
 0.20039614017802948
 2.0695989735911087
 0.14522595116858009
 2.1619329950468806
 0.088990366054189973
 2.2579331716789595
 0.031894239359970496
 2.3572146708097694
 -0.02584565948634503
 2.4593472515415082
 -0.084002456725620719
 2.5638593698133829
 -0.14234096219175046
 2.6702429565244499
 -0.20061934544909998
 2.7779580860894471
 -0.25859112967759335
 2.8864390689308821
 -0.31600758072895235
 2.9951003551923381
 -0.37261913700110749
 3.1033422543377469
 -0.42817822745150497
 3.2105580893554828
 -0.48244110252848987
 3.3161407264355569
 -0.53516995244260201
 3.4194897555498969
 -0.58613540167124356
 3.5200176384293864
 -0.63511808420939508
 3.6171567938998734
 -0.68191083749599701
 3.7103660727922461
 -0.72632059034552521
 3.7991370869096812
 -0.76817063439687427
 3.8830015982161319
 -0.80730221110466682
 3.9615363907095209
 -0.84357645954403926
 4.0343701552064566
 -0.87687560970473666
 4.1011891880180382
 -0.90710452578658707
 4.161742064588708
 -0.93419269981855479
 4.2158460758086278
 -0.95809552149617461
 4.2633915282880102
 -0.97879513592840794
 4.3043471327473704
 -0.99630216223320378
 4.3387646367512644
 -1.0106562373785908
 4.3667832726517499
 -1.0219278860345793
 4.388634709771007
 -1.0302197096999162
 4.4046481441064413
 -1.0356672553685067
 4.4152537402944079
 -1.0384400028497889
 4.4209865952264789
 -1.0387434035465506
 4.4224920680944209
 -1.0368194143318561
 4.4205296149304161
 -1.0329489681673503
 4.4159763592762227
 -1.0274530187276258
 4.409831012342587
 -1.0206947036331464
 4.4032173891550359
 -1.0130814148826286
 4.3973858059646656
 -1.0050672149295645
 4.3937155442279483
 -0.99715607320637933
 4.3937155442279483
 -0.98990423561303731


