# Created by Octave 5.2.0, Fri Feb 05 21:38:56 2021 -03 <kuroneko@kuroneko-VirtualBox>
# name: jacobiMat
# type: matrix
# rows: 100
# columns: 1
 1.3958114062681328
 0.62263755333301096
 1.4416732412653428
 0.58373400582011448
 1.492207897869156
 0.54263679864716385
 1.5475390156247315
 0.49940034148563439
 1.607746416923735
 0.454097276860779
 1.672862455090506
 0.40681860040166173
 1.7428694711454211
 0.35767345009853951
 1.8176974529802739
 0.30678892032674793
 1.8972226819390841
 0.25430942608297785
 1.9812671778018844
 0.20039614017802948
 2.0695989735911087
 0.14522595116858009
 2.1619329950468806
 0.088990366054189973
 2.2579331716789595
 0.031894239359970496
 2.3572146708097694
 -0.02584565948634503
 2.4593472515415082
 -0.084002456725620719
 2.5638593698133829
 -0.14234096219175046
 2.6702429565244499
 -0.20061934544909998
 2.7779580860894471
 -0.25859112967759335
 2.8864390689308821
 -0.31600758072895235
 2.9951003551923381
 -0.37261913700110749
 3.1033422543377469
 -0.42817822745150497
 3.2105580893554828
 -0.48244110252848987
 3.3161407264355569
 -0.53516995244260201
 3.4194897555498969
 -0.58613540167124356
 3.5200176384293864
 -0.63511808420939508
 3.6171567938998734
 -0.68191083749599701
 3.7103660727922461
 -0.72632059034552521
 3.7991370869096812
 -0.76817063439687427
 3.8830015982161319
 -0.80730221110466682
 3.9615363907095209
 -0.84357645954403926
 4.0343701552064566
 -0.87687560970473666
 4.1011891880180382
 -0.90710452578658707
 4.161742064588708
 -0.93419269981855479
 4.2158460758086278
 -0.95809552149617461
 4.2633915282880102
 -0.97879513592840794
 4.3043471327473704
 -0.99630216223320378
 4.3387646367512644
 -1.0106562373785908
 4.3667832726517499
 -1.0219278860345793
 4.388634709771007
 -1.0302197096999162
 4.4046481441064413
 -1.0356672553685067
 4.4152537402944079
 -1.0384400028497889
 4.4209865952264789
 -1.0387434035465506
 4.4224920680944209
 -1.0368194143318561
 4.4205296149304161
 -1.0329489681673503
 4.4159763592762227
 -1.0274530187276258
 4.409831012342587
 -1.0206947036331464
 4.4032173891550359
 -1.0130814148826286
 4.3973858059646656
 -1.0050672149295645
 4.3937155442279483
 -0.99715607320637933
 4.3937155442279483
 -0.98990423561303731


# name: seidelMat
# type: matrix
# rows: 100
# columns: 1
 1.3958114062681328
 0.62263755333301096
 1.4416732412653428
 0.58373400582011448
 1.492207897869156
 0.54263679864716396
 1.5475390156247315
 0.49940034148563445
 1.6077464169237348
 0.45409727686077905
 1.6728624550905058
 0.40681860040166173
 1.7428694711454213
 0.35767345009853951
 1.8176974529802739
 0.30678892032674793
 1.8972226819390838
 0.25430942608297785
 1.981267177801884
 0.20039614017802942
 2.0695989735911087
 0.14522595116858
 2.1619329950468806
 0.088990366054189876
 2.2579331716789595
 0.031894239359970399
 2.3572146708097685
 -0.02584565948634512
 2.4593472515415074
 -0.08400245672562083
 2.5638593698133811
 -0.14234096219175058
 2.6702429565244472
 -0.20061934544910007
 2.7779580860894435
 -0.25859112967759346
 2.8864390689308776
 -0.31600758072895246
 2.9951003551923332
 -0.3726191370011076
 3.103342254337742
 -0.42817822745150513
 3.2105580893554779
 -0.4824411025284901
 3.3161407264355529
 -0.53516995244260246
 3.4194897555498938
 -0.58613540167124412
 3.5200176384293829
 -0.63511808420939575
 3.6171567938998694
 -0.68191083749599757
 3.7103660727922425
 -0.72632059034552543
 3.7991370869096781
 -0.76817063439687439
 3.8830015982161297
 -0.80730221110466682
 3.9615363907095191
 -0.84357645954403915
 4.0343701552064557
 -0.87687560970473621
 4.1011891880180373
 -0.90710452578658651
 4.1617420645887071
 -0.93419269981855402
 4.215846075808626
 -0.9580955214961735
 4.2633915282880084
 -0.97879513592840672
 4.3043471327473686
 -0.99630216223320245
 4.3387646367512627
 -1.0106562373785895
 4.3667832726517481
 -1.0219278860345777
 4.3886347097710061
 -1.0302197096999144
 4.4046481441064405
 -1.0356672553685047
 4.415253740294407
 -1.0384400028497871
 4.420986595226478
 -1.0387434035465488
 4.4224920680944191
 -1.0368194143318541
 4.4205296149304134
 -1.0329489681673485
 4.4159763592762209
 -1.0274530187276238
 4.4098310123425852
 -1.0206947036331444
 4.4032173891550341
 -1.0130814148826264
 4.3973858059646638
 -1.0050672149295625
 4.3937155442279456
 -0.99715607320637734
 4.3937155442279456
 -0.98990423561303531


# name: sorMat
# type: matrix
# rows: 100
# columns: 1
 0.84918838129365026
 0.4629054266887635
 0.83813814369185735
 0.40882231706262118
 0.83027812867261619
 0.3548876192104391
 0.82575776489771424
 0.30166203839047567
 0.8246396277968957
 0.24966445943945606
 0.82690180363363985
 0.19935601729004199
 0.83244374262425802
 0.15112774068208079
 0.841095241251967
 0.10529275110919685
 0.85262756230731673
 0.062082523680117969
 0.86676586975880099
 0.021647719959825135
 0.88320211990249331
 -0.015937592058014937
 0.90160764515103409
 -0.050668465281399677
 0.92164468609156258
 -0.082599325833482673
 0.94297655442182982
 -0.11183281378385085
 0.96527592760582981
 -0.13850829702995465
 0.98823126872793665
 -0.16279036919565953
 1.0115513672273033
 -0.18485790362086074
 1.0349681550440497
 -0.20489460408010965
 1.0582379851150283
 -0.22308141017893471
 1.0811417370280187
 -0.2395896126209095
 1.1034839674856296
 -0.25457696264813623
 1.1250914766386808
 -0.26818442608684145
 1.145811442757648
 -0.28053463070424367
 1.1655095025859592
 -0.29173183077072745
 1.1840676865749029
 -0.30186205300112529
 1.2013825581984081
 -0.31099449418484448
 1.2173634541360077
 -0.31918316190090851
 1.2319309382547698
 -0.32646910775453214
 1.2450155802981524
 -0.33288225817832606
 1.2565567065174386
 -0.33844353046990494
 1.2665014587478225
 -0.34316630651365926
 1.274804021157633
 -0.34705803703407179
 1.2814248868160445
 -0.35012200345239874
 1.2863305432837919
 -0.35235840411321073
 1.2894932514897188
 -0.35376504764531624
 1.2908913308802696
 -0.35433859285276265
 1.2905099755306597
 -0.35407500571860134
 1.2883428073150112
 -0.35297104733250878
 1.2843944069662303
 -0.35102552268172915
 1.2786841762864265
 -0.34824066503820794
 1.2712514529868093
 -0.34462406044900079
 1.2621623638336432
 -0.34019183249650797
 1.2515186779151382
 -0.33497148227580942
 1.2394685775308161
 -0.32900672826063804
 1.2262195100621414
 -0.3223621722054027
 1.2120531493924607
 -0.31512949046104499
 1.1973423817485052
 -0.30743435313427003
 1.1825700797944809
 -0.29944434986637058
 1.1683496210848789
 -0.29137821964041832
 1.1554469350106089
 -0.28351529175131956


