# Created by Octave 5.2.0, Fri Feb 05 21:38:56 2021 -03 <kuroneko@kuroneko-VirtualBox>
# name: xSOR
# type: matrix
# rows: 100
# columns: 1
 0.84918838129365026
 0.4629054266887635
 0.83813814369185735
 0.40882231706262118
 0.83027812867261619
 0.3548876192104391
 0.82575776489771424
 0.30166203839047567
 0.8246396277968957
 0.24966445943945606
 0.82690180363363985
 0.19935601729004199
 0.83244374262425802
 0.15112774068208079
 0.841095241251967
 0.10529275110919685
 0.85262756230731673
 0.062082523680117969
 0.86676586975880099
 0.021647719959825135
 0.88320211990249331
 -0.015937592058014937
 0.90160764515103409
 -0.050668465281399677
 0.92164468609156258
 -0.082599325833482673
 0.94297655442182982
 -0.11183281378385085
 0.96527592760582981
 -0.13850829702995465
 0.98823126872793665
 -0.16279036919565953
 1.0115513672273033
 -0.18485790362086074
 1.0349681550440497
 -0.20489460408010965
 1.0582379851150283
 -0.22308141017893471
 1.0811417370280187
 -0.2395896126209095
 1.1034839674856296
 -0.25457696264813623
 1.1250914766386808
 -0.26818442608684145
 1.145811442757648
 -0.28053463070424367
 1.1655095025859592
 -0.29173183077072745
 1.1840676865749029
 -0.30186205300112529
 1.2013825581984081
 -0.31099449418484448
 1.2173634541360077
 -0.31918316190090851
 1.2319309382547698
 -0.32646910775453214
 1.2450155802981524
 -0.33288225817832606
 1.2565567065174386
 -0.33844353046990494
 1.2665014587478225
 -0.34316630651365926
 1.274804021157633
 -0.34705803703407179
 1.2814248868160445
 -0.35012200345239874
 1.2863305432837919
 -0.35235840411321073
 1.2894932514897188
 -0.35376504764531624
 1.2908913308802696
 -0.35433859285276265
 1.2905099755306597
 -0.35407500571860134
 1.2883428073150112
 -0.35297104733250878
 1.2843944069662303
 -0.35102552268172915
 1.2786841762864265
 -0.34824066503820794
 1.2712514529868093
 -0.34462406044900079
 1.2621623638336432
 -0.34019183249650797
 1.2515186779151382
 -0.33497148227580942
 1.2394685775308161
 -0.32900672826063804
 1.2262195100621414
 -0.3223621722054027
 1.2120531493924607
 -0.31512949046104499
 1.1973423817485052
 -0.30743435313427003
 1.1825700797944809
 -0.29944434986637058
 1.1683496210848789
 -0.29137821964041832
 1.1554469350106089
 -0.28351529175131956


# name: erSOR
# type: matrix
# rows: 1
# columns: 101
 0 0.28342810053974848 0.18063542209589387 0.13532198668054418 0.11025022440317853 0.094661777528614419 0.08200993121366372 0.072314888337855321 0.064943488477645014 0.058926689938760247 0.053920743611762016 0.049690541901269029 0.046068926886696455 0.042933547844278747 0.040748519415719102 0.039353592167728726 0.038090530484632554 0.036940344962310072 0.035887632283935218 0.034919752811642855 0.034026226760804995 0.033198283747941565 0.032428521852981444 0.031710646132679945 0.031039265622081379 0.030409733975757282 0.029818023078852663 0.029260621857005911 0.028734454554174723 0.028236814201899656 0.027765308053479668 0.027317812523387712 0.026892435738574277 0.026487486230953799 0.026101446618940441 0.025732951368283238 0.025380767908500173 0.025043780525222166 0.02472097656107454 0.024411434546006937 0.024114313947805995 0.023828846289152342 0.023554327422133151 0.023275808537737516 0.022779585865707053 0.022304635293900761 0.02184961491861391 0.021413293473723817 0.020994539141393757 0.02059230969504508 0.020205643793104373 0.019833653269734661 0.019475516291794552 0.019130471270504695 0.018797811432402733 0.018476879967718834 0.018167065685707726 0.017867799116143092 0.017578549004368518 0.017298819154277181 0.017028145579536694 0.016766093928472448 0.01651225715239368 0.016266253390893281 0.016027724050905752 0.015796332059098011 0.015571760269595728 0.01535371001116052 0.015141899759755408 0.014936063924043452 0.014735951732755657 0.014541326214089899 0.014351963258372725 0.014167650756161037 0.013988187804789585 0.013813383977099681 0.013643219935768253 0.013477626139400312 0.013316174600987348 0.013158710469445256 0.013005086478687231 0.01285516248884248 0.012708805060369513 0.01256588705834949 0.012426287284494646 0.012289890134632282 0.012156585279636246 0.012026267367949242 0.011898835748018043 0.01177419420910028 0.011652250739044804 0.011532917297762003 0.011416109605209992 0.011301746942830636 0.011189751967443507 0.011080050536701887 0.010972571545280429 0.010867246771031756 0.010764010730415626 0.010662800542550593 0.010563555801300422


# name: kSOR
# type: scalar
100


# name: tol
# type: scalar
0.0001


# name: kmax
# type: scalar
100


# name: w
# type: scalar
0.5


# name: b
# type: matrix
# rows: 100
# columns: 1
 -111.40961899999991
 -102.29527350000001
 -8.762185000000045
 0.88104489999994939
 -9.116170000000011
 1.0580711000000065
 -9.4714069999999992
 1.2356998999999291
 -9.8269080000000031
 1.4135242999999491
 -10.182068000000072
 1.5910361999999623
 -10.535869999999989
 1.767925499999933
 -10.887480000000039
 1.9436809000000039
 -11.236060000000009
 2.1179890999999884
 -11.580769999999973
 2.2903355999999917
 -11.920669999999973
 2.460303999999951
 -12.255029999999977
 2.6274765999999659
 -12.582809999999995
 2.7914336999999705
 -12.903200000000027
 2.9516545000000178
 -13.215390000000014
 3.1077164000000153
 -13.518590000000074
 3.2592954999999506
 -13.811829999999986
 3.4059665000000336
 -14.094480000000033
 3.5472025000000258
 -14.365720000000067
 3.6828755999999885
 -14.624669999999981
 3.8123564999999076
 -14.870779999999968
 3.9354147000000239
 -15.103350000000091
 4.0517189000000258
 -15.321790000000021
 4.1608365999999819
 -15.525379999999984
 4.2626344999999901
 -15.71363000000008
 4.3567785999999273
 -15.886009999999999
 4.4430340000000115
 -16.042030000000011
 4.5210655999999858
 -16.181440000000066
 4.5907376999999769
 -16.303650000000005
 4.6518142000000466
 -16.408540000000073
 4.7042589000000135
 -16.495810000000006
 4.7479356999999709
 -16.565140000000042
 4.7826082999999926
 -16.616550000000075
 4.8082408999999871
 -16.649819999999977
 4.8248977000000082
 -16.664989999999989
 4.8324436999999421
 -16.662040000000104
 4.8310442999999736
 -16.641009999999994
 4.8205655999999522
 -16.602110000000039
 4.8010748999999464
 -16.545559999999966
 4.7727399999999989
 -16.471459999999979
 4.7357301999999777
 -16.380060000000014
 4.6900157999999692
 -16.271849999999972
 4.6359686000000124
 -16.147160000000042
 4.5735616999999706
 -16.006360000000029
 4.5031700000000114
 -15.849969999999985
 4.4249697999999853
 -15.678539999999998
 4.3392393999999399
 -15.492450000000019
 4.2462587999999641
 -15.292439999999999
 4.1462098999999739
 -15.079139999999995
 4.0395767999999634
 -3.3358719999999997e-17
 -3.5


