# Created by Octave 5.2.0, Sat Feb 06 17:50:24 2021 -03 <kuroneko@kuroneko-VirtualBox>
# name: xSeidel
# type: matrix
# rows: 100
# columns: 1
 1.0151350233206398
 0.52534933935905204
 1.0238469419683423
 0.47792869607809424
 1.0359180691801442
 0.42960661589043392
 1.0513991680812835
 0.38068674016658433
 1.0702819754449322
 0.33146992818566928
 1.0925010555605772
 0.28224850286093106
 1.1179372090143793
 0.23330101979523923
 1.1464220784449342
 0.18488812837087087
 1.1777437666079078
 0.13724903403070474
 1.2116531385135407
 0.090599220684923654
 1.2478705243966033
 0.045128768476239145
 1.2860924940262644
 0.0010017125654753266
 1.3259985929881088
 -0.041643787710411224
 1.3672576171592901
 -0.082694573769147683
 1.4095334453344248
 -0.12206126798933013
 1.4524903001646252
 -0.159676418097001
 1.4957973390608112
 -0.19549207828878523
 1.5391323369263556
 -0.22947742132845705
 1.5821849077191765
 -0.26161657224412255
 1.6246589080971976
 -0.29190545664065859
 1.6662740518220984
 -0.32035007096214396
 1.7067673581844225
 -0.3469639498876112
 1.7458938816179139
 -0.37176614164411603
 1.783427318315131
 -0.39477980015332825
 1.8191599490072432
 -0.41603026023821271
 1.8529027480999223
 -0.43554401055993824
 1.8844852124958247
 -0.45334773879147411
 1.9137551973428566
 -0.46946804441340134
 1.9405792552748342
 -0.48393090192283145
 1.9648423571626914
 -0.49676175628921276
 1.9864485441315101
 -0.50798531230541677
 2.0053216508680758
 -0.51762592495180904
 2.0214061201022124
 -0.52570864709486353
 2.0346689700207308
 -0.53225998636487037
 2.0451016880877666
 -0.53730864050952276
 2.0527231853579959
 -0.54088721317705091
 2.057583322146241
 -0.54303332117455849
 2.0597672359996708
 -0.54379205121458141
 2.0594007316981386
 -0.54321821473276954
 2.0566567948363375
 -0.54137870323325343
 2.0517625954407182
 -0.53835528967201096
 2.045007770292766
 -0.5342485930994374
 2.0367542955872469
 -0.52918128106919948
 2.0274471114196548
 -0.52330312546019742
 2.0176259004498251
 -0.51679538932439795
 2.0079382221446931
 -0.50987648215884573
 1.9991538314577491
 -0.50280799529974385
 1.9921796900428161
 -0.49590147922456868
 1.9880765747647295
 -0.48952635773924241
 1.9880765747647295
 -0.48411776530010209


# name: erSeidel
# type: matrix
# rows: 1
# columns: 51
 0 -1.0059985210773055 -1.0145324177932082 -1.02310018223351 -1.0317755217428013 -1.0405591332782687 -1.0494418852835121 -1.0584142412104531 -1.0674678863958249 -1.0765958359520058 -1.0857922417299233 -1.0950521723191546 -1.1043714255499109 -1.1137463800641216 -1.1231738802420188 -1.1326511471807819 -1.1421757094485723 -1.1517453487481406 -1.1613580568486153 -1.1710120010893552 -1.1807054964598265 -1.190436982770571 -1.2002050058027232 -1.2100082015957963 -1.2198452832338491 -1.2297150296387698 -1.2396162759905807 -1.249547905478499 -1.2595088421502192 -1.2694980446756958 -1.2795145008793529 -1.289557222923861 -1.299625243051433 -1.3097176098064724 -1.319833384677505 -1.3299716391074714 -1.3401314518303007 -1.3503119064987255 -1.3605120895739196 -1.3707310884520254 -1.3809679898062499 -1.3912218781260972 -1.4014918344376441 -1.4117769351906528 -1.4220762512998486 -1.4323888473289439 -1.4427137808070176 -1.4530501016677124 -1.4633968518024245 -1.4737530647192676 -1.4841177653001021


# name: kSeidel
# type: scalar
50


# name: tol
# type: scalar
9.9999999999999998e-20


# name: kmax
# type: scalar
50


# name: raioEspec
# type: scalar
1930.4845414807276


