# Created by Octave 5.2.0, Sun Feb 07 20:06:55 2021 -03 <kuroneko@kuroneko-VirtualBox>
# name: erSOR
# type: matrix
# rows: 1
# columns: 10
 -0.22190901958215931 0.55230569747588687 0.09303470072655981 0.041081814503090147 0.011511457578294896 0.0040022004547521171 0.0014297657957094026 0.00048486986686674112 0.00016893121283640468 5.5634186783058018e-05


# name: kSOR
# type: scalar
10


# name: tol
# type: scalar
0.0001


# name: kmax
# type: scalar
50


# name: w
# type: scalar
1.1000000000000001


# name: reSOR
# type: scalar
0.33671305895579445


# name: xSOR
# type: matrix
# rows: 48
# columns: 1
 1.0000008025841323
 1.0000009795810922
 0.99999934289297499
 1.0000014442511729
 0.99999604803598441
 0.99999435222741639
 0.99999874687531876
 0.99999957062579936
 1.0000007254514531
 1.0000133132220104
 0.99997176430513457
 0.99998316592406822
 0.99999673763394303
 1.0000085543296606
 1.000006885674285
 0.99999407078227354
 0.99999147661046439
 0.99999680285574588
 1.0000060583275656
 1.0000047889234731
 1.0000054158681984
 1.0000076259295343
 0.999998377639993
 0.99999495354718526
 1.000017589792819
 0.99999207603058338
 1.0000146377924752
 1.000002510532829
 0.9999888685227375
 1.0000002818522464
 0.99999876553552258
 1.0000005868762498
 0.99999954443832983
 0.99998872980249076
 0.99999777286699232
 1.0000102572541025
 0.99999603673689386
 1.0000087330571452
 0.99999334369213477
 1.0000011317437778
 1.0000052196275506
 0.99999955666856444
 0.99999766205474561
 1.0000030016901911
 1.0000006689965109
 1.0000007146818912
 1.0000023772226967
 0.99999961823014549


