# Created by Octave 5.2.0, Sun Feb 07 20:06:55 2021 -03 <kuroneko@kuroneko-VirtualBox>
# name: xJacobi
# type: matrix
# rows: 48
# columns: 1
 1.0000003552143126
 1.0000010604669496
 0.9999981584499763
 1.0000032030997053
 0.99998895107876684
 0.99998349000703646
 0.99999587060830764
 0.99999951407614651
 0.99999682487677299
 1.0000249201817382
 0.99994054046692171
 0.99995793848169034
 0.99999969997916449
 1.0000099709246075
 1.0000059613989905
 0.99999257700081279
 0.99998662236510649
 0.99999676619408928
 1.0000115801103919
 1.0000084077124076
 1.0000089973129371
 1.0000156998031549
 0.99999726879462336
 0.99999015521619106
 1.0000426360772268
 0.99995395557159794
 1.0000805806540785
 1.0000167155646245
 0.99993138157409311
 0.99999886990850484
 0.99999923010862757
 1.000004283759063
 0.99999573020186183
 0.99994150793331948
 0.99998920717298767
 1.0000616773899607
 0.9999735409770163
 1.0000556443645123
 0.99995359334390765
 1.0000037155266566
 1.0000375400899739
 0.9999966720909369
 0.99998882855295801
 1.0000233624633157
 1.000002094691208
 1.0000066784670263
 1.0000169030716157
 0.99999962606596449


# name: xSeidel
# type: matrix
# rows: 48
# columns: 1
 1.0000003552143126
 1.0000010604669494
 0.9999981584499763
 1.0000032030997053
 0.99998895107876684
 0.99998349000703646
 0.99999587060830752
 0.99999951407614651
 0.99999682487677299
 1.0000249201817382
 0.99994054046692171
 0.99995793848169034
 0.99999969997916449
 1.0000099709246073
 1.0000059613989907
 0.99999257700081279
 0.9999866223651066
 0.99999676619408906
 1.0000115801103919
 1.0000084077124076
 1.0000089973129371
 1.0000156998031549
 0.99999726879462336
 0.99999015521619083
 1.0000426360772268
 0.99997861437394941
 1.000037423799518
 1.000007768857017
 0.99996820738977021
 0.99999978904338149
 0.99999944793821505
 1.0000017551035281
 0.99999807209317548
 0.99997322909926267
 0.99999461106617371
 1.0000282682360433
 0.99998795882794611
 1.0000255830830285
 0.99997866409581293
 1.0000017269985688
 1.0000173975290105
 0.99999866321828201
 0.99999476146044453
 1.0000107295208065
 1.0000012881350668
 1.0000029730605942
 1.0000079424392923
 0.9999995825314496


# name: xSOR
# type: matrix
# rows: 48
# columns: 1
 1.0000008025841323
 1.0000009795810922
 0.99999934289297499
 1.0000014442511729
 0.99999604803598441
 0.99999435222741639
 0.99999874687531876
 0.99999957062579936
 1.0000007254514531
 1.0000133132220104
 0.99997176430513457
 0.99998316592406822
 0.99999673763394303
 1.0000085543296606
 1.000006885674285
 0.99999407078227354
 0.99999147661046439
 0.99999680285574588
 1.0000060583275656
 1.0000047889234731
 1.0000054158681984
 1.0000076259295343
 0.999998377639993
 0.99999495354718526
 1.000017589792819
 0.99999207603058338
 1.0000146377924752
 1.000002510532829
 0.9999888685227375
 1.0000002818522464
 0.99999876553552258
 1.0000005868762498
 0.99999954443832983
 0.99998872980249076
 0.99999777286699232
 1.0000102572541025
 0.99999603673689386
 1.0000087330571452
 0.99999334369213477
 1.0000011317437778
 1.0000052196275506
 0.99999955666856444
 0.99999766205474561
 1.0000030016901911
 1.0000006689965109
 1.0000007146818912
 1.0000023772226967
 0.99999961823014549


