# Created by Octave 5.2.0, Mon Jan 25 00:26:48 2021 -03 <kuroneko@kuroneko-VirtualBox>
# name: x
# type: scalar
13.972239999999999


# name: y
# type: scalar
3.7747658235197772


# name: z
# type: scalar
1.2389537732211815


