# Created by Octave 5.2.0, Sun Feb 07 19:57:53 2021 -03 <kuroneko@kuroneko-VirtualBox>
# name: w
# type: scalar
0.5


# name: reJacobi
# type: scalar
0.9999746701965726


# name: reSeidel
# type: scalar
0.99994934104015931


# name: reSOR
# type: scalar
0.99998311358339231


