# Created by Octave 5.2.0, Sun Feb 07 19:58:06 2021 -03 <kuroneko@kuroneko-VirtualBox>
# name: w
# type: scalar
1.7


# name: reJacobi
# type: scalar
0.9999746701965726


# name: reSeidel
# type: scalar
0.99994934104015931


# name: reSOR
# type: scalar
0.99971285427557155


