# Created by Octave 5.2.0, Sun Feb 07 19:59:41 2021 -03 <kuroneko@kuroneko-VirtualBox>
# name: w
# type: scalar
1.8999999999999999


# name: reJacobi
# type: scalar
0.9999746701965726


# name: reSeidel
# type: scalar
0.99994934104015931


# name: reSOR
# type: scalar
0.99903353128509442


