# Created by Octave 5.2.0, Sun Feb 07 22:04:46 2021 -03 <kuroneko@kuroneko-VirtualBox>
# name: erJacobi
# type: scalar
4.9861899187230515e-10


# name: kJacobi
# type: scalar
1


# name: tol
# type: scalar
0.0001


# name: kmax
# type: scalar
20


# name: reJacobi
# type: scalar
0.9999746701965726


# name: xJacobi
# type: matrix
# rows: 494
# columns: 1
 0.98999999869254007
 1.4553762253780895e-07
 1.3005929787116635e-07
 1.5363786485861385e-07
 0
 -1.9043585430415825e-07
 -1.4090682111052829e-07
 1.5363786485861385e-07
 2.1460931458515502e-07
 2.9972688859301373e-07
 -7.8688929533976443e-08
 -7.6831056932094179e-08
 -7.6831056932094179e-08
 -7.6831056932094179e-08
 -4.4316034576533849e-17
 0.1639990836856153
 0.035686497703066852
 -1.4090682111052829e-07
 0.1639990836856153
 0.035686497703066852
 0.035686497703066852
 1.5082793597119732e-07
 3.6170338079219132e-07
 1.5969345247100114e-07
 1.7949225542382191e-07
 7.6539286428673448e-08
 -3.6373094076297934e-07
 -4.9818438052998008e-07
 1.6409129029853152e-07
 3.4586900977003097e-08
 1.1838231294987608e-07
 9.2817270260561653e-07
 4.280908378913921e-07
 4.280908378913921e-07
 1.616022540508276e-07
 9.2768174015930158e-08
 -4.5882375883430665e-08
 4.0591581727047492e-07
 2.8304339549091394e-07
 5.70998539667466e-08
 3.7042671316438644e-07
 3.5145739090791493e-07
 1.6867388582555153e-07
 -2.7749708702020911e-07
 2.870960110181893e-07
 0.5426668008322636
 1.5002193634816921e-07
 2.7018671302475051e-07
 3.6881284478070268e-08
 3.1372934915834859e-07
 -1.8837813736574323e-07
 1.6269762957450356e-07
 1.8941435986794374e-07
 -4.9251017511170174e-07
 -1.5618177790700815e-07
 5.4623904528597116e-07
 0.041015232065849387
 -5.3563992959204818e-17
 1.4888139187178282e-17
 -5.3563992959204818e-17
 -2.8935007910762359e-07
 2.4013589293535885e-07
 -6.6992228501165097e-08
 -6.6992228501165097e-08
 6.7126497056275499e-09
 6.7126497056275499e-09
 -4.986739920982733e-08
 1.5406544189092083e-07
 -4.986739920982733e-08
 3.7622154458851438e-09
 6.5557242073897577e-08
 1.8744337083611136e-09
 1.5406544189092083e-07
 6.5557242073897577e-08
 6.5557242073897577e-08
 6.5557242073897577e-08
 -3.7481240179459889e-07
 -6.2213518101553604e-07
 -9.6352246986926679e-08
 -1.0308608622694336e-07
 1.2195529373189048e-07
 -2.103099510458339e-07
 5.6216381199201937e-08
 0.03189526644400982
 3.1634580689216009e-07
 2.8924129414578908e-07
 1.3850071298709794e-07
 5.8410041222998295e-07
 -3.3916695299791672e-07
 2.110638336845175e-09
 1.4904278724157177e-07
 1.8972597665188521e-08
 1.4904278724157177e-07
 1.4904278724157177e-07
 3.3331322759792206e-08
 3.3331322759792206e-08
 -3.42432871823807e-07
 -2.9050881173680691e-07
 2.8153105045652191e-07
 -4.2730167287274871e-07
 -3.765538030285447e-08
 -8.9138985624175138e-08
 8.5818215313170706e-08
 2.2177184713721419e-07
 2.2177184713721416e-07
 -2.9005460770619415e-07
 -7.5121856372529309e-08
 -3.0583796443384558e-07
 -1.8733636173088979e-07
 -1.8733636173088979e-07
 -1.8733636173088979e-07
 -2.1191854212149927e-07
 3.2256916342745808e-07
 3.722899929168853e-07
 4.3691249128963738e-08
 -3.262145672823686e-07
 -4.3358521404043482e-07
 -1.8199694757158446e-08
 -2.7605848112568068e-07
 2.2981451210198891e-07
 2.3630078987575975e-07
 -3.043318047628239e-07
 3.1108630959274298e-07
 1.3632955917289173e-07
 -3.8899116102996641e-07
 -5.9847164152935473e-07
 5.7009670743726274e-08
 3.6108683877516329e-07
 5.7009670743726274e-08
 -3.9785956907225539e-08
 -3.9785956907225539e-08
 -3.9785956907225539e-08
 2.1762264657546063e-07
 3.2776998423997139e-07
 -1.7337663131241144e-07
 2.208436775238041e-07
 -1.8382764661961875e-07
 3.9337921076908675e-08
 3.1352100105623858e-08
 3.5049865471744445e-08
 -3.5107451103699815e-08
 4.0115483746987293e-07
 6.5084432218038681e-07
 2.208436775238041e-07
 -1.8382764661961875e-07
 3.519193793931743e-08
 8.1117192441395204e-10
 -6.4044862763740112e-08
 -2.9273807498559039e-08
 -1.5078365780790585e-08
 2.3179848989247483e-07
 3.4811465091733164e-07
 2.5210816453744511e-07
 2.898946107511943e-07
 7.1179679201047771e-07
 -2.1260038501519993e-07
 -3.7073954667330897e-07
 -1.096172037640116e-08
 -1.2607912191673724e-07
 -2.7192444858587258e-07
 4.0412041184614881e-07
 -4.4546471441638718e-07
 -3.4861580024786129e-07
 -8.0900818429211947e-07
 -1.4090682111052829e-07
 1.1063553475286535e-07
 -1.209616819674768e-06
 -3.8935806575788801e-08
 -6.5517044831265433e-08
 -3.6073055875956985e-07
 2.6841722423952843e-07
 5.6272218997844614e-07
 0.00021192768259980629
 2.2081314971847875e-07
 3.4895920558885106e-07
 1.044579846745094e-07
 1.1571606668459421e-07
 -4.9878751069067096e-08
 2.0230897928647786e-07
 0
 8.8048212645688474e-08
 1.1838231294987608e-07
 -5.3321354376222308e-08
 -5.3321354376222308e-08
 -5.3321354376222308e-08
 4.7461428802394899e-07
 -6.1066019743882201e-07
 2.440326096778507e-07
 2.652912253753615e-07
 1.6451498862381546e-07
 -3.1662515770450145e-07
 -8.5725458006887637e-08
 -8.5725458006887637e-08
 -8.5725458006887637e-08
 -3.1662515770450145e-07
 -3.1662515770450145e-07
 1.2924740958839405e-07
 5.584415649328848e-08
 -7.5816287331785099e-08
 -1.2691740470911521e-07
 5.584415649328848e-08
 0.00010215617513876329
 -9.9734433584827884e-08
 8.7589505680679e-07
 9.6594089931851823e-07
 8.7589505680679e-07
 6.6785433313071734e-07
 8.7112661388873703e-07
 8.7112661388873703e-07
 -8.7776757463204002e-08
 -1.843948387284559e-07
 4.2458473068804338e-08
 1.682187235135348e-07
 1.3587206041988959e-08
 -9.7137078946474916e-08
 -2.2900616264055822e-07
 -1.7355610583658766e-07
 -2.2900616264055825e-07
 9.8681082237794734e-08
 -3.29216213513407e-07
 -6.5245261527577945e-08
 2.3033238330306221e-07
 1.585448613765774e-07
 4.5748868752291368e-07
 1.9726451976382767e-07
 2.9898603074146162e-07
 3.5427647119954527e-07
 5.7961630671145367e-07
 -9.4286095025819962e-08
 -2.199652027835138e-07
 1.7859407789919909e-07
 3.3905166221472974e-07
 3.630556297556789e-07
 3.3905166221472979e-07
 6.4056576259089035e-07
 -3.5389490575825289e-07
 -3.4969576987805602e-07
 3.2956128178647209e-07
 5.4581386836081639e-07
 2.2223810594842342e-07
 4.1984754666239971e-07
 -1.6618392951390136e-07
 1.4408162642120796e-07
 1.4408162642120796e-07
 -4.5087346697985162e-07
 -4.6024245554140399e-07
 2.1545546826403312e-05
 -7.7164035688219587e-08
 -1.239319806464515e-07
 -1.239319806464515e-07
 -1.239319806464515e-07
 -3.339536612665999e-07
 0.24847392369338367
 -8.0873678286658737e-08
 -4.20908646435624e-07
 0.04018957669983738
 9.9276813539939292e-08
 -1.2981582852092504e-07
 -1.2981582852092504e-07
 -1.2981582852092504e-07
 -1.2981582852092504e-07
 1.3090910453365345e-07
 4.1545342444172568e-07
 -2.0578874607624969e-07
 2.3163112960655652e-07
 9.9276813539939292e-08
 0.32533188170182753
 -2.9926984174848897e-08
 -1.089841634831601e-07
 4.2412670663875818e-07
 5.5874006763032033e-07
 4.4696699392640288e-07
 4.4696699392640288e-07
 4.4696699392640288e-07
 6.5667301505451223e-08
 2.1107922326781265e-07
 4.1781866987990768e-07
 3.7760898333162579e-08
 3.7760898333162579e-08
 -3.8908160582241686e-10
 0.012136970760657473
 1.9726451976382767e-07
 5.806571878855555e-07
 9.0941157952161893e-08
 2.606809853197506e-07
 -2.8355315477638767e-07
 -5.8561937867734385e-09
 9.0941157952161893e-08
 1.8769329550865218e-07
 1.8769329550865218e-07
 1.8769329550865218e-07
 1.8769329550865218e-07
 -1.2281279624809532e-07
 2.4101870832977449e-08
 -1.2083292547470675e-07
 -5.3019879025828932e-08
 -2.2747527132608518e-07
 -5.4097888780539693e-08
 -5.3019879025828932e-08
 -7.7404475090228135e-07
 -4.3564496536309788e-08
 1.6880788207938197e-08
 1.6880788207938197e-08
 2.831862386252013e-08
 2.831862386252013e-08
 4.3629676944973314e-07
 1.5474736906255716e-07
 -4.1217316863429896e-08
 9.0129281408542042e-08
 1.1067203671527631e-07
 4.8537232412000187e-09
 -1.8016634300957894e-07
 -1.8016634300957894e-07
 -1.8016634300957894e-07
 -3.3650735875674367e-07
 1.6508659468041104e-07
 -9.2642211276453172e-08
 -9.2642211276453172e-08
