# Created by Octave 5.2.0, Sun Feb 07 20:04:52 2021 -03 <kuroneko@kuroneko-VirtualBox>
# name: xJacobi
# type: matrix
# rows: 494
# columns: 1
 0.98999999869254007
 0
 -7.3687297646558733e-08
 1.4553762253780895e-07
 0
 -1.9043585429061287e-07
 -2.3981179573625292e-07
 0
 0
 0
 4.4520031854507145e-17
 -7.6831056899667058e-08
 0
 0
 0
 -4.4316034576533849e-17
 4.993887480468804e-07
 0
 0
 0
 0
 1.8902412520909161e-07
 2.0994324828238815e-07
 0
 1.5969345247100114e-07
 0
 0
 -3.6373094076297939e-07
 1.3134225475980243e-07
 0
 3.4586900977003097e-08
 6.1062847723288693e-07
 3.7677307044036547e-07
 0
 0
 4.8980144330426895e-07
 -2.1096884566764697e-07
 4.1478802254693674e-07
 1.9829541303396018e-07
 -1.8636011662544148e-07
 4.2654988626605543e-08
 7.38366300015653e-08
 0
 -1.9820843367319744e-07
 2.7409638424506988e-07
 1.3374813088856613e-07
 -1.0246066106700331e-07
 -2.3767280335329309e-08
 -7.646035058688668e-08
 2.078230535118424e-07
 4.5032223244996062e-17
 0
 -7.9692243339127378e-17
 -2.7205424765500201e-07
 0
 4.3176484361332596e-07
 4.1634985051053463e-07
 -5.3563992959204818e-17
 0
 0
 -1.9450507592250275e-07
 0
 -2.5292064521703295e-07
 0
 -5.1762336780701614e-17
 0
 -7.1749023460066561e-08
 1.5688541041962962e-07
 0
 2.1154039631885561e-08
 3.2283954197719736e-08
 -4.4783194495510489e-08
 0
 0
 0
 0
 -9.2470668337471937e-08
 -4.0120736666918981e-07
 0
 -5.1955258116158843e-08
 6.4753581715754634e-17
 -3.0615025240929298e-07
 0
 3.777751633865949e-07
 6.9074932937619474e-08
 0
 -6.358549580460303e-17
 2.8924129414578908e-07
 -1.2268231625827762e-07
 0
 1.3539655102204662e-07
 1.2534232557641212e-08
 0
 0
 6.6103281342044641e-17
 0
 -2.2790295662328345e-07
 -2.5685002979839915e-07
 1.3111110503420933e-07
 -4.0639272007996181e-07
 0
 -3.7655380302854477e-08
 -9.5780853369749613e-08
 1.0521911360962345e-07
 0
 0
 0
 -1.0905775945488471e-07
 0
 0
 0
 -1.8733636173088979e-07
 2.1411671498789564e-07
 2.8550138316732061e-07
 0
 -3.1017196541919768e-07
 -2.7197703642456333e-07
 -5.9696771725553879e-17
 6.1860600602889115e-17
 1.6956519532792726e-07
 0
 -1.7677234897967389e-07
 2.3630078987575977e-07
 -3.4821511806416168e-08
 0
 -3.8899116102996641e-07
 0
 1.7776883408664304e-07
 0
 0
 0
 0
 0
 0
 0
 2.2179221905621769e-07
 -1.8016634306958638e-07
 7.9687497535059602e-08
 0
 -1.7337663131241144e-07
 -3.9785956907225539e-08
 2.1762264657546063e-07
 3.2776998423997139e-07
 0
 0
 -1.1604193912059736e-08
 3.1352100105623858e-08
 -2.0400003266851994e-07
 -9.851859896538818e-17
 -4.6588970320453835e-17
 -1.3240403362538474e-07
 -1.8014937580497367e-08
 1.3395815885760186e-07
 0
 4.1148331032000642e-07
 -5.4147585114454202e-08
 -1.5832495393571081e-07
 0
 -1.0444650679043971e-08
 -1.4850382402060446e-07
 0
 0
 -1.510430276752233e-07
 -4.3640915124110742e-07
 0
 -8.4273758296445345e-08
 -4.1074910854024014e-07
 0
 -3.8935806575788801e-08
 0
 0
 2.6841722423952843e-07
 2.7472927068949846e-08
 2.4324478669804419e-08
 1.6867388582555153e-07
 0
 0
 -1.4424846349134999e-16
 1.396499811823884e-07
 0
 0
 0
 -4.1066792026537343e-08
 0
 0
 3.4977460523113884e-07
 -2.5944206991118356e-07
 2.440326096778507e-07
 0
 2.652912253753615e-07
 -2.3885068867606211e-07
 6.0118013383732428e-17
 0
 0
 0
 0
 0
 0
 -9.864199567725263e-08
 0
 0
 8.8126577099246028e-17
 -8.01351408363943e-09
 6.1011104668451097e-07
 2.7208980510665344e-07
 0
 2.0057444517973847e-07
 1.836769930128864e-07
 0
 0
 -8.7776757463204002e-08
 0
 -5.9747328502857386e-08
 2.1524247196793706e-16
 -9.7137078887914301e-08
 -2.0492214797530348e-07
 -6.8311315549643742e-08
 0
 1.2891402301625807e-07
 -1.0224862190269004e-08
 -1.410907870969529e-07
 1.616022540508276e-07
 2.1806969074223899e-07
 2.4277082443565082e-07
 7.1378366576300872e-08
 1.1571606668459421e-07
 0
 3.5427647119954527e-07
 0
 -9.4286095025819962e-08
 1.9862413071005418e-07
 1.5168839810034759e-07
 1.0519376685239457e-07
 0
 3.4612447893293063e-07
 -2.4136545254377966e-07
 -4.3226440102774804e-17
 1.3207099867557499e-07
 1.2367268291112119e-07
 -1.079078394240975e-16
 -3.7382087588771485e-08
 -1.5187440347515661e-07
 1.397417014741073e-07
 0
 -5.4082703229364713e-08
 -1.5388119123990202e-07
 0
 2.1984419029761017e-08
 -1.2390223581284482e-07
 0
 0
 -9.2205245118571285e-08
 2.0329665858434749e-07
 0
 -2.9005460770619415e-07
 -8.0873678286658737e-08
 7.0525691524007744e-08
 -5.5028868161695374e-08
 0
 0
 0
 1.7081136378395544e-07
 2.8947548205637162e-07
 -1.4957856242134454e-07
 3.7020206559417079e-07
 0
 0
 0
 -2.9926984174848897e-08
 2.7366482352371984e-07
 3.214915062373135e-07
 2.2765586173142352e-07
 0
 0
 -7.1888219579675192e-08
 8.1152166003229688e-08
 3.2314458463302576e-07
 -7.3247570192204717e-08
 0
 -1.2691740470911521e-07
 2.3772291863050466e-07
 0
 7.3135822545817235e-08
 0
 1.8424458732411102e-07
 -9.2267832562270849e-08
 1.6068619437524624e-07
 0
 6.0146338181045431e-17
 6.0146338181045431e-17
 0
 0
 0
 -1.2281279624809532e-07
 0
 -5.1212777763197883e-08
 -1.6146938360219433e-07
 0
 0
 -4.9549397767702203e-07
 -1.3848722273915359e-07
 6.7379412537503269e-08
 0
 6.7379412537503269e-08
 0
 3.9429067106170478e-07
 5.6824865255627014e-08
 0
 8.5654572329115397e-08
 9.1857368990644655e-08
 1.259917652480603e-07
 0
 0
 0
 -1.5018552928549225e-07
 -9.1936198299265835e-17
 -1.8016634300957894e-07
 -1.8016634300957894e-07
 -1.8016634300957894e-07
 8.6362187147292048e-08
 2.21168314213172e-07
 3.6340532599811803e-07
 -3.2274371046674914e-07
 0
 -4.012472617199836e-07
 -3.203251428208544e-07
 0
 3.3303452474640576e-07
 -1.3454470173393713e-08
 0
 1.034843275833232e-07
 -2.5108699738342796e-07
 3.8279720476263756e-17
 0
 -8.1744826994412576e-08
 0
 1.2201624528162126e-07
 0
 6.7262242354167069e-08
 1.1084894234437278e-08
 2.8655731002685468e-07
 0
 0
 0
 -3.9101601905913731e-17
 1.1522902652400438e-08
 0
 0
 0
 0
 0
 7.1192244145163348e-17
 1.2686695111829255e-07
 -1.0604151387706507e-07
 -2.6237674848137698e-07
 0
 1.5576919537633667e-07
 0
 0
 0
 0
 0
 -3.0324774549016488e-07
 0
 0
 0
 6.5845854089104656e-08
 3.8025141448083738e-08
 1.2789694551865619e-17
 0
 0
 4.4897127226669143e-07
 1.8415477102879762e-07
 8.1247704778129873e-08
 3.2439332370634876e-07
 0
 2.9357145515097064e-17
 0
 3.1337843898044771e-08
 -3.8253644564711035e-08
 4.0039270507894407e-08
 0
 0
 -3.2265253402387688e-07
 -1.2484123017339099e-07
 -1.8282354517111163e-07
 9.9650525532118824e-08
 -2.20836961010069e-07
 0
 0
 -5.1793357984420749e-08
 -1.9582613305358889e-07
 0
 3.0129625170761576e-07
 0
 3.0009055249937682e-07
 2.0106847786009223e-07
 -2.867743265685023e-07
 -1.3956899682638637e-07
 1.0477435795737967e-07
 -2.407094187614662e-07
 8.3000270042466028e-17
 -3.1780980223556334e-07
 -1.4136113817166524e-07
 0
 -4.15217212564698e-07
 0
 4.2631561001681851e-07
 1.175940067834835e-16
 4.0412041184614881e-07
 0
 -8.4051866737667832e-08
 0
 -1.1679679782629449e-07
 0
 0
 2.3291624817502747e-07
 2.8269254460799899e-07
 0
 -2.1001741037941507e-07
 -2.1432915067586098e-07
 2.1460931458515502e-07
 0
 0
 0
 1.7280001103219527e-07
 0
 1.6558553115943453e-07
 -6.1155783165081694e-08
 1.0884344267427181e-07
 -1.2185900783249059e-07
 -1.2897658996166535e-07
 0
 7.5943676152559512e-08
 3.41884771890064e-07
 -6.954388248555396e-08
 2.2577627524319156e-07
 2.4013589293535885e-07
 0
 -1.3124386502035871e-16
 0
 1.9101262662358268e-07
 2.0396660655529335e-07
 4.5710524402036151e-07
 -1.4314738444927175e-07
 -1.1968618764154103e-07
 -1.2083292547470675e-07
 0
 -1.6207175372441704e-08
 -2.4902729941939952e-07
 0
 0
 0
 5.4441271330421168e-08
 -3.570252299400897e-07
 -4.3543309905299752e-08
 -1.7391995712954449e-07
 0
 0
 0
 0
 0
 0
 1.044579846745094e-07
 0
 -1.0446799310419806e-07
 1.5948144285875261e-07
 2.2675982028301887e-17
 0
 1.0152810769992585e-16
 0
 -1.0848129537258151e-07
 2.1480026313443659e-07
 0
 0
 0
 0
 0
 0
 -1.417733804535591e-07
 2.5652439626310139e-07
 3.1359680492441486e-07
 1.9515022426515717e-07
 0
 0
 7.0340603291476938e-08
 0
 -1.8483855590271092e-07
 0
