# Created by Octave 5.2.0, Sun Feb 07 20:06:44 2021 -03 <kuroneko@kuroneko-VirtualBox>
# name: w
# type: scalar
1.1000000000000001


# name: reJacobi
# type: scalar
0.6756567745896026


# name: reSeidel
# type: scalar
0.46254896097824544


# name: reSOR
# type: scalar
0.33671305895579445


