# Created by Octave 5.2.0, Sun Feb 07 20:05:12 2021 -03 <kuroneko@kuroneko-VirtualBox>
# name: w
# type: scalar
1.5


# name: reJacobi
# type: scalar
0.6756567745896026


# name: reSeidel
# type: scalar
0.46254896097824544


# name: reSOR
# type: scalar
0.53087911361288032


