# Created by Octave 5.2.0, Sun Feb 07 19:56:03 2021 -03 <kuroneko@kuroneko-VirtualBox>
# name: w
# type: scalar
1.7


# name: reJacobi
# type: scalar
0.6756567745896026


# name: reSeidel
# type: scalar
0.46254896097824544


# name: reSOR
# type: scalar
0.71823172622962361


