# Created by Octave 5.2.0, Sun Feb 07 22:05:54 2021 -03 <kuroneko@kuroneko-VirtualBox>
# name: erJacobi
# type: scalar
-1.2857037578742447e-09


# name: kJacobi
# type: scalar
1


# name: tol
# type: scalar
0.0001


# name: kmax
# type: scalar
10


# name: reJacobi
# type: scalar
0.99999592125135539


# name: xJacobi
# type: matrix
# rows: 1138
# columns: 1
 0.98999999737101785
 7.8795111365102809e-08
 1.0892830489968776e-07
 1.0221269996883758e-07
 0.64277972554593077
 4.4377062634065908e-07
 1.6069882402841049e-07
 4.3394489654512521e-07
 0.43639971602688155
 0.069220871910066414
 -8.500259366273891e-08
 -8.500259366273891e-08
 6.1208398615674794e-08
 0
 2.040866380979253e-07
 2.040866380979253e-07
 2.040866380979253e-07
 2.040866380979253e-07
 2.040866380979253e-07
 -2.4992606938474359e-07
 -4.7796665637426741e-07
 -4.7796665637426741e-07
 -4.7796665637426741e-07
 -4.7796665637426741e-07
 -4.7796665637426741e-07
 3.8281837868448635e-07
 1.149937074878376e-07
 1.1499370748783759e-07
 1.149937074878376e-07
 1.149937074878376e-07
 6.8580936687141294e-07
 7.4238402538990541e-07
 -7.1183147336023105e-08
 8.7465352197789475e-08
 3.706057186272795e-07
 2.5837602187073169e-07
 4.7378583057819673e-07
 9.9532578031364813e-09
 6.2877476820269969e-08
 9.8744450125545865e-08
 -2.5416790636413876e-07
 -2.5416790636413876e-07
 8.7542341165249746e-08
 -1.0759147165967605e-07
 2.057926176975746e-07
 -1.5706007324620866e-07
 -1.5706007324620866e-07
 -1.7827749119771465e-07
 -2.1142061479611846e-07
 -4.6812929718258294e-08
 -4.6812929718258294e-08
 -4.9604539666087514e-08
 -8.4401329111215068e-07
 -8.8734280916301904e-07
 -8.4401329111215068e-07
 2.9921845336452354e-07
 -2.2624316619750293e-08
 1.7737753517184398e-07
 1.792038690019969e-07
 -1.3826802703446084e-07
 -5.6037603411587687e-08
 -1.5463793086219885e-16
 -5.4608277014436122e-08
 -7.4835794912152105e-09
 -4.1115221168803634e-07
 4.6632246989082003e-08
 1.8777563242813576e-07
 -1.9038787713283817e-07
 -3.1483460516800297e-08
 1.7739213701113909e-07
 3.070591974045207e-08
 3.777878138839591e-08
 3.777878138839591e-08
 1.8173478491301572e-07
 -1.6620017501838865e-07
 -1.7592836102526004e-08
 -1.4931639048941068e-07
 2.856554448267946e-07
 -2.7435616491682726e-08
 1.6575726721424394e-07
 -1.2076351663029966e-07
 1.8962035417415634e-07
 1.8962035417415634e-07
 1.1753637487774215e-07
 -4.4290501349729282e-08
 7.8113577250207254e-08
 -4.0806382267575178e-08
 -4.0806382267575178e-08
 -2.9667881179991523e-08
 -8.7192402891035323e-08
 2.3036277333954155e-08
 6.8644295110538952e-08
 2.6510005965751172e-07
 4.6414905914204511e-07
 2.8211491563155271e-07
 3.4187028880736014e-08
 1.2230432742084017e-07
 9.2512311445046706e-08
 -1.6992108996617095e-08
 -1.273920833670106e-07
 1.6021473188836213e-07
 -3.4674648646002642e-07
 6.6470774992477849e-08
 0.029203013044473633
 -1.7925205226525416e-07
 -1.7925205226525416e-07
 1.8834015816116908e-07
 4.4303970118035322e-07
 -1.8373480896955678e-07
 3.1149600723257838e-07
 1.674262334760592e-07
 -2.1618729305014086e-08
 -3.1224570158795932e-07
 7.3156190321244168e-07
 2.3612962041762025e-08
 -4.0648099293395869e-09
 -4.0648099293395869e-09
 -4.3796124799003721e-09
 2.1246168020418099e-07
 -1.4690284731761478e-07
 -1.3413827981174599e-07
 3.1816022040534438e-07
 6.7246004919497761e-07
 1.9472938574214408e-07
 2.1862276327735824e-07
 1.1931818545181803e-08
 1.019661809256496e-07
 1.0196618092564959e-07
 8.8393309159024876e-08
 -2.0483896022301501e-08
 -1.1612605448286676e-07
 -2.7981601001065409e-07
 -1.1116236978234259e-07
 -1.1116236978234259e-07
 -4.7268951522447778e-07
 -1.6256987415006107e-07
 2.8480384402962405e-07
 -3.557229454288612e-07
 1.4674364718063245e-07
 3.4472808000915072e-07
 -9.2178171198960302e-08
 2.0897709436338831e-07
 -8.8672924432952889e-08
 8.2526231375712367e-08
 -2.1706259956800829e-07
 1.457588898369721e-07
 2.6494513598800235e-07
 2.6494513598800235e-07
 1.3476421689530111e-07
 2.9096509720182595e-07
 1.8644573085500382e-07
 -1.0529585507455867e-07
 2.5124447731954347e-08
 1.1348826290235691e-08
 3.5812353248376083e-07
 1.4172832724101357e-07
 -1.3246419170650771e-07
 3.0203669375804307e-07
 2.5709750077942542e-08
 4.5777048725320323e-17
 -1.5938184500713573e-09
 -1.140355537780493e-07
 -2.308295480269224e-07
 1.3476421689530111e-07
 1.8130100908220505e-07
 1.8261418230400515e-07
 1.8387336996860442e-07
 2.738803603637143e-07
 2.1986320501849773e-07
 1.0846744132980289e-07
 -1.0371745730954408e-07
 1.5665306754479888e-07
 4.605771503298252e-07
 -1.2165546869765336e-07
 3.2989743450527095e-07
 -5.4766067068124888e-08
 -3.9142417889436013e-07
 -1.8349301625896054e-07
 2.5564047771063964e-07
 2.5383750746854585e-09
 2.5124447731954347e-08
 4.9813434114836575e-08
 9.4739750378220678e-08
 3.8669178241194715e-07
 4.9291321002728445e-07
 1.9075871815385702e-08
 5.666365231861999e-07
 3.6766362435595741e-07
 -1.1380903342128041e-07
 0
 1.7602761248318835e-07
 -9.874314253506769e-09
 2.4873138083838353e-07
 3.8239864392892897e-09
 4.0625434161053791e-07
 1.7739213701113909e-07
 7.1153510123261239e-08
 5.422167168572697e-07
 2.4660802688633916e-08
 -2.1499794698856095e-07
 -4.3478295624938086e-07
 1.7648052114344273e-08
 3.6911786050294866e-07
 -1.6620017501838865e-07
 5.5208327137733489e-08
 4.5605663995957003e-08
 -9.3190960823635956e-08
 -1.4846304270534849e-07
 4.122661383044537e-07
 -2.6496444546228299e-07
 2.3793475304744157e-07
 1.529438817836651e-07
 2.5299258530834937e-07
 -9.9490090794130044e-08
 -2.6496444546228299e-07
 -2.3992680987824269e-07
 -3.3290431122650412e-07
 4.0254090482025248e-08
 -5.3023407151681709e-08
 1.5149011678260893e-07
 -5.2971268705514743e-08
 -9.0563075948651248e-08
 4.9394152126786262e-08
 -7.1888229850369514e-08
 -2.200992756367119e-07
 3.7880310656774905e-07
 -1.0680173080432366e-07
 2.5164121386614518e-09
 2.5164121386614522e-09
 -5.3023407151681702e-08
 3.7969204800627016e-07
 1.9672822464194523e-07
 -7.3655731899884466e-08
 1.7291684889459953e-08
 -3.0065782181682556e-07
 -3.3316768929448757e-07
 2.8774028580449165e-07
 -4.2414607150921438e-07
 -2.2264584013893148e-07
 1.918072413363189e-07
 -1.048819418684664e-07
 -8.0402876490489723e-08
 -3.0065782181682556e-07
 4.3455893631616039e-07
 -2.7949169732481795e-08
 2.1629208760226844e-07
 4.1236985483880421e-08
 5.7731778975478902e-08
 -2.760000308427218e-07
 8.9841634097080749e-08
 -1.1739157532102059e-07
 5.8406952862169206e-07
 1.1551168957032659e-07
 6.9026162602581463e-09
 1.3863371104430282e-07
 -4.1848007335585074e-07
 1.004798383207651e-07
 4.1672273570851152e-07
 2.6462991770954862e-07
 2.8680111611024952e-07
 4.9790246058595162e-07
 4.6089380745920715e-07
 1.0957600970871224e-07
 7.7400917904538749e-07
 4.9964409077428765e-07
 1.9982544321876505e-08
 6.4527667267652965e-08
 1.5856716085861606e-07
 7.4621803882995774e-08
 -5.2043881100761927e-07
 2.6510005965751172e-07
 4.3781931742796345e-07
 2.4434380739166155e-07
 1.6077913993958656e-07
 -3.0735364280810663e-07
 5.9148226235386072e-07
 5.0143555092771789e-08
 1.2423258703139923e-07
 -1.4066660835156974e-07
 -5.2043881100761927e-07
 -2.2264584013893148e-07
 -5.2475792577205686e-07
 1.3621863036103482e-07
 1.4185051049257307e-07
 -5.4988472048508664e-08
 -3.3316768929448757e-07
 2.8774028580449165e-07
 3.6611503245975136e-07
 1.1846071121317986e-08
 -4.1848007335585069e-07
 -7.4997460519649824e-08
 -9.4203169790331017e-08
 -1.2778638578213587e-07
 -1.2778638578213587e-07
 1.3397313548146043e-07
 8.9993988403455345e-17
 3.3773740906429616e-08
 1.4217884740104979e-07
 1.2239712102802326e-07
 3.9498595568082508e-07
 4.9375979117615424e-07
 7.624631968947382e-08
 4.407789828512045e-07
 -3.0902772612721911e-08
 7.5739252362859417e-09
 -1.8582680377095934e-07
 1.6454465752618165e-07
 -1.3569073372286708e-07
 2.5938578318163986e-07
 4.1750819708140077e-07
 9.0674776104887705e-07
 3.7063825045824625e-07
 5.8406952862169206e-07
 7.6994567493943568e-07
 1.7179062085579519e-07
 1.6222784878058096e-07
 -6.839939989317685e-07
