# Created by Octave 5.2.0, Sun Feb 07 20:20:15 2021 -03 <kuroneko@kuroneko-VirtualBox>
# name: erSOR
# type: matrix
# rows: 1
# columns: 10
 1.0000000884747777 0.62030366018190553 0.24262640781386208 0.68652090029383783 0.29680284295714537 0.66383940860360124 0.5702587944318368 0.15797818472575878 0.35427798171407232 0.42731377562440315


# name: kSOR
# type: scalar
10


# name: tol
# type: scalar
0.0001


# name: kmax
# type: scalar
10


# name: w
# type: scalar
1.8999999999999999


# name: reSOR
# type: scalar
0.9998449062678717


# name: xSOR
# type: matrix
# rows: 1138
# columns: 1
 0.99490532707303869
 0.30446214520297588
 -0.010275842515428416
 0.0036839086069855014
 0.90960813123485995
 0.0011738721592563211
 0.0013489793434528093
 0.012679645487586239
 0.87251794887414003
 0.4415053669177656
 0.012765635862076026
 0.10032478137240154
 0.16454855254332418
 0.0015478518146440981
 0.0010552649692617462
 0.0012019298130786808
 0.0012019298130786812
 0.0012019298130786812
 0.0012019298130786812
 0.00073638683610255243
 0.00080871738237836641
 0.0008820294132143372
 0.00088202941321433698
 0.00088202941321433698
 0.00088202941321433698
 0.002283073838942936
 0.0043266980538083245
 0.006363132121351282
 0.0063631321213512802
 0.0063631321213512802
 0.010552171095795853
 0.011553918339092875
 0.011455609962170415
 0.041205977668619651
 0.013893665365163578
 0.0006053105353357722
 0.0024714526561964386
 -0.0010995947373383594
 -0.012902522894330935
 7.274011834324033e-05
 7.9896031567286202e-05
 9.4619916706332991e-05
 1.9390679496229305e-05
 0.00010836464410013778
 0.00011389801758384088
 0.00010546769439837624
 0.00010546769439837628
 0.00017336466803286079
 0.00042128273765894151
 0.00044204104600129241
 0.00053570609967170876
 0.00057297706465634572
 0.001014305093413509
 0.0013339390007679898
 0.0013091276395668511
 -7.442877120758094e-06
 6.5242664407343863e-05
 0.00026709887204143733
 9.4635101585698137e-05
 9.3290995358759631e-05
 0.00024827987658300194
 0.00060336758036954187
 -7.322836802450884e-06
 0.0001461211123406391
 -7.7435593554190085e-06
 0.00011305169491616221
 0.00013675945068020975
 0.00012833616773103745
 0.00025945946131064888
 0.00036515969072869765
 0.00039315911689485449
 0.00072038512955999059
 0.00088222864499303997
 0.00062994686428587338
 0.00020280681513352755
 0.00093389625433273101
 5.9375808175213078e-05
 0.002066997620813602
 0.0039331847589716539
 0.0013882088654971626
 0.0011930334762778709
 9.4044460828207201e-06
 9.4044460828207184e-06
 1.9306160552830536e-05
 0.00027591116929343316
 6.2187306624891879e-05
 8.3151384186848164e-05
 9.6827688555487055e-05
 1.6631099463900987e-05
 0.00014324586420715513
 0.00018003365337788361
 0.00016266404891060259
 6.4324461718350662e-05
 1.8031733714812306e-05
 2.0365507763887989e-05
 3.2925131463511327e-06
 1.7181803641478014e-05
 -0.0098404958677124673
 -0.00086520568662806481
 0.012389405083668365
 0.00091449158940599528
 0.0010599836778296642
 0.0014383813512961151
 0.13802619176543202
 -9.8967180067895591e-06
 -7.3097223024006833e-06
 3.8385775762950154e-05
 4.3846451263566398e-05
 -1.5957288817696043e-05
 3.5017526833734319e-05
 1.8571579868441355e-05
 -4.4747740146372516e-06
 -2.8553296052631272e-05
 7.2701739720479661e-05
 7.6860034934414132e-05
 0.00025759173179129417
 0.00028168245467780745
 0.0006466234337320451
 0.00090383697033004308
 0.0013007762018724569
 0.0018768067471854187
 0.0014564972114798672
 0.0013822784786744636
 0.001163211441279224
 0.0013565043321710204
 0.00052163042520753512
 0.001444801773288176
 0.0026446906734156547
 0.0012444512673841781
 0.00038292403607698058
 0.00015828852859505111
 0.00016816506563989973
 0.00025535604178410698
 0.00033405694185999738
 -4.3603513351468616e-05
 7.552860803279886e-05
 4.6383198781513441e-06
 4.7816134335717684e-06
 6.6804844763936474e-06
 -3.4612037434460506e-06
 4.7354839348104076e-05
 4.7534241805419841e-08
 -9.311215284291004e-06
 8.0659427938242298e-06
 -2.0941165655238968e-05
 2.0647424434574537e-05
 2.1997788696487012e-05
 2.4311301131705148e-05
 1.2363473932121338e-05
 0.00022250248585524305
 -1.6388924981112021e-06
 7.8179806269943178e-07
 0.00010332641327655707
 1.0789482961250697e-06
 2.5261465973639727e-05
 0.0013804704374136365
 8.7459438732584821e-07
 0.00013324723262123943
 9.4387359174953102e-05
 9.2977920090092888e-05
 4.8966517273471288e-05
 5.714491827859637e-06
 1.5898856782453611e-05
 1.2363473932121338e-05
 5.7636556906359612e-06
 1.9166978039963453e-05
 5.4043858799103118e-06
 1.8349432837282154e-06
 8.8357783991335401e-06
 5.8394318440509552e-06
 -5.7070725163828087e-06
 0.00017928613607195017
 0.00031275194845321153
 5.0571898441821134e-06
 7.6882378302617338e-06
 1.1576796947244768e-06
 1.8208798695301583e-06
 -3.5285292107323278e-06
 3.8536357471595556e-05
 1.2523335711859877e-06
 0.00010332641327655707
 0.00013448323202085302
 0.00016411001770354802
 0.00034843238165747578
 7.1797024631327997e-06
 1.4998972972719474e-05
 1.4335600683319655e-05
 1.6670411287766043e-05
 5.2617426675556043e-06
 3.7344399000340777e-05
 2.4679934728813305e-05
 3.3892911848945519e-05
 0.00010223871351737059
 7.2585036877410246e-06
 1.7609323141036336e-05
 0.00045329691687491416
 2.3507745489019718e-05
 3.7076751624824008e-05
 5.7507131351323973e-05
 8.8055429473187695e-05
 0.00012064411275109078
 8.9159703447586264e-05
 6.976256267535958e-05
 0.00028034441434513185
 0.00015448368942240983
 1.089708727067833e-05
 6.783499567897933e-06
 4.7050872666277801e-05
 4.3667118911560922e-06
 -5.4347935042944263e-06
 1.9227297090411436e-05
 2.8369386363789753e-05
 0.0018699891369572679
 -5.5874564650438003e-06
 -3.6323593733822296e-06
 1.2197004363349033e-05
 -3.7028423443708003e-06
 2.4357473744166567e-05
 4.5989673816044517e-06
 1.3915619651616942e-05
 0.00014182138588318379
 7.4498328779810496e-05
 6.3550446589720331e-06
 6.4105723397120411e-06
 0.00012064707397113939
 0.00019453380026906615
 1.4043467519804233e-05
 1.4279498500461984e-05
 2.0450216610274655e-05
 8.0386591511485259e-06
 1.1637308841288649e-05
 1.4118419034494931e-05
 0.00011809779784363846
 3.9812216970479898e-06
 -3.0932850537325018e-06
 -1.0930916995509778e-06
 -4.4783590417048934e-06
 -3.6240335493923888e-06
 -2.517975730956247e-06
 -7.150048810289526e-07
 1.8166646409230357e-05
 2.0025505361761633e-05
 -1.8834233815095425e-06
 1.9220676016384427e-05
 2.4030554198149237e-05
 2.9142891508853241e-05
 -6.9387699681309046e-06
 -7.6125166318559304e-06
 1.1220511617013514e-05
 -2.0913222090658175e-05
 4.8487076440356471e-05
 7.2074379400406858e-05
 4.5277881771294118e-05
 -7.5116016275423953e-06
 -8.2954180358608757e-06
 -2.5275874289691616e-05
 2.8034827293238587e-06
 2.4607779282874633e-06
 -2.2590498461063455e-06
 -8.6251251055771358e-06
 3.0598431950604646e-06
 2.0419916920598397e-05
 -1.6402845503679497e-05
 2.4331216854998634e-05
 2.8369323097192483e-05
 1.8642912802625724e-05
 5.5624003508304874e-05
 9.6131478480555732e-06
 7.5730404487890456e-05
 -1.7316966170177608e-06
 7.6933564117917991e-05
 2.4199243315407674e-05
 1.5851802187205423e-05
 1.7190288097898643e-05
 1.3521917809528127e-05
 2.8685859096273616e-05
 -8.5436386965039639e-06
 -4.1109857892013661e-06
 2.1129288567332651e-05
 -2.782584988806779e-07
 -1.2457312458836594e-06
 2.0927666978619455e-05
 5.5440515038996143e-05
 9.2051067268032809e-05
 -9.0101889965145514e-06
 4.4266198822323445e-07
 -5.473851642862919e-06
 4.8877476460841226e-05
 -9.7951818081388057e-06
 -2.6026249712992469e-05
 3.1055308853067748e-05
 3.147291058060291e-05
 4.6698651023910256e-05
 4.6698651023910256e-05
 6.2958204854520831e-06
 -3.2816097029531161e-06
 -1.6978127931942579e-06
 1.521804976237435e-05
 7.6858787150253868e-06
 2.4483172989598163e-05
 1.4789561038156903e-05
 7.552613925230944e-05
 1.7470283172549662e-05
 1.6471702583877645e-05
 2.2273700200450821e-05
 4.6396809570703479e-05
 2.4415082449331463e-05
 3.2101447688599743e-05
 -5.557098634105733e-06
 5.9514260014676741e-05
 3.3788046810833654e-05
