# Created by Octave 5.2.0, Sun Feb 07 20:02:49 2021 -03 <kuroneko@kuroneko-VirtualBox>
# name: erSeidel
# type: matrix
# rows: 1
# columns: 20
 0.548148149293752 0.16509998602741219 0.086908830213130311 0.058405929799412677 0.041582005964916541 0.031530281860947397 0.025068834492203009 0.020586813970111844 0.017278455127845239 0.014721624615719688 0.012679954872675821 0.011011334905811961 0.0096244385022289502 0.0085660270390586386 0.0076757566711126895 0.0068886926339882578 0.00680472463932908 0.0067549699855576498 0.0067053262069240276 0.0066559155795561202


# name: kSeidel
# type: scalar
20


# name: tol
# type: scalar
0.0001


# name: kmax
# type: scalar
20


# name: reSeidel
# type: scalar
0.99994934104015931


# name: xSeidel
# type: matrix
# rows: 494
# columns: 1
 0.99585869143194172
 0.00020030775478038445
 1.4557972251347215e-05
 0.00023231749772337459
 9.5950842807849607e-05
 3.6409480163320498e-05
 1.518352982819748e-05
 0.00023231749772337459
 4.426092855748766e-06
 0.00019713205440438902
 -2.2102719642858494e-07
 0.49010958086532469
 0.49010958086532469
 0.49010958086532469
 0.49164925940288201
 0.49527518459692116
 0.31963443058704355
 1.518352982819748e-05
 0.49527518459692116
 0.31963443058704355
 0.31963443058704355
 4.1945560275577393e-06
 4.4112667231543575e-06
 9.688704687999921e-07
 1.4549259783842307e-06
 0.0051258090723866117
 0.011037796600447526
 0.011826202630671832
 8.985205234821415e-07
 4.048488414333958e-06
 5.0647810827580216e-06
 5.6885539403429991e-05
 6.8711938352483045e-06
 6.8711938352483045e-06
 7.1457420083306454e-07
 6.4708822162781538e-06
 8.3383444118384047e-08
 0.10534690504215856
 0.10642878806630272
 0.039604674652955502
 7.5811628572844563e-06
 6.5341540825645789e-06
 1.2608689491403871e-05
 2.7250265193327366e-05
 1.2874097927877386e-05
 0.74570024172715044
 1.6718990710949199e-05
 0.00046571853771024856
 0.00044861457556555622
 0.00028805660659110902
 -8.0558245192439693e-08
 2.8898385464586303e-05
 0.00028562101935851079
 -3.8426410678265037e-06
 5.7602642007398281e-07
 0.0071245828715493986
 0.29771645296117993
 0.0089784036537119954
 0.0093611688140135488
 0.0089784036537119954
 -6.430854746795052e-08
 0.0015691045824869163
 1.5522003995761128e-05
 1.5522003995761128e-05
 1.8597838521075508e-07
 1.859783852107551e-07
 0.00026206061240237826
 0.00015641674201044196
 0.00026206061240237826
 0.00027847444099783083
 0.00056033912130136574
 0.0001498236769773344
 0.00015641674201044196
 0.00056033912130136574
 0.00056033912130136574
 0.00056033912130136574
 -7.7304699342488015e-07
 -8.4044152938212887e-07
 3.00763125570047e-05
 1.4506072141221548e-05
 2.2404374125479214e-06
 1.3687569421997979e-07
 7.9567835325527938e-05
 0.2342725442646944
 0.01038593089949401
 0.0094720676363500202
 0.0070572191365396043
 0.0099703967833541032
 8.0520082014754266e-06
 0.00063216366034918238
 0.00053082800643539541
 0.00018880658468737739
 0.00053082800643539541
 0.00053082800643539541
 0.00023119645756369987
 0.00023119645756369987
 3.3644733903255537e-06
 1.856358933544007e-05
 0.0057737639501157451
 0.00014151111942804561
 1.3446816645137281e-05
 1.6601370415136792e-05
 0.00030777523992748618
 0.0029579087085787412
 0.0029579087085787412
 0.14397186318180949
 0.16975605779224606
 0.0057923428013709356
 -7.4645975902230524e-07
 -7.4645975902230524e-07
 -7.4645975902230524e-07
 -7.1282154906579784e-07
 0.0040007050632124355
 0.00022119055120781395
 0.0001086989123350421
 0.0095820543293982704
 0.0094114447639417568
 0.0085747507185015403
 0.0096351200274036857
 0.00035407417873066711
 6.111710209780662e-08
 -1.5399500117912026e-07
 2.0199667270494911e-07
 0.0080882322360144865
 0.10718656618396792
 0.11376616247553543
 0.0023254865202047806
 0.0019148509627172699
 0.0023254865202047806
 0.00014441618909371477
 0.00014441618909371477
 0.00014441618909371477
 0.0004177472356274332
 0.00037358461570705174
 3.8902762793476137e-06
 0.0001846183087885421
 0.00018134506368620634
 2.1501277470554179e-06
 5.1815356327552645e-06
 4.0841421763392944e-06
 0.0001802873027672204
 0.00049330616325169168
 0.00044131436223609631
 0.0001846183087885421
 0.00018134506368620634
 0.00010426440825959347
 6.6993333597610404e-06
 5.421579484616283e-07
 9.5304518078312897e-05
 6.7959816562404462e-05
 4.2795563726019221e-06
 4.3988767716779085e-06
 3.8030284474795441e-06
 4.339153012179356e-06
 4.7466550768560029e-06
 -4.1354430668370917e-06
 -4.2911192109209631e-06
 0.00020658901612876043
 0.00041646825464434893
 0.00054835837557854676
 1.6449845710949498e-06
 -1.189765881379187e-06
 0.071350193110726767
 0.012525906215726502
 1.5183529828197481e-05
 2.8392868520239125e-05
 0.013821190267276521
 1.6070334100113013e-05
 2.0128091462531167e-05
 4.4697003006432897e-06
 6.2934603712307185e-06
 6.6369122912500735e-06
 0.013193095513087767
 2.201790777243994e-05
 1.4872802881582179e-05
 5.5450741668819431e-05
 0.0025475536566787272
 1.1190540833388797e-05
 -9.2891965785425092e-08
 1.1959668161290487e-05
 1.4842114245294927e-05
 5.0647810827580216e-06
 0.00025001277578915062
 0.00025001277578915062
 0.00025001277578915062
 1.0664320004555706e-05
 -8.2525289951304679e-07
 6.5513782468186579e-05
 2.3311907948737473e-05
 2.8622476840522977e-05
 0.0056163810058513491
 0.0042162168375165024
 0.0042162168375165024
 0.0042162168375165024
 0.0056163810058513491
 0.0056163810058513491
 3.2072350087899577e-06
 3.9331745571812967e-05
 1.6764147364873116e-06
 0.19302687462918855
 3.9331745571812967e-05
 0.0087635335388494499
 4.8571845756741816e-07
 0.0002483159476137792
 0.00027275509602938655
 0.0002483159476137792
 0.00039639658388818615
 0.000260048773203037
 0.000260048773203037
 1.6796884121355241e-06
 1.7879405918947036e-06
 0.00013569392041001878
 0.00010799445680930395
 8.5542832293095068e-05
 4.6047390021419798e-05
 0.00013168900138083755
 0.00017179590225729338
 0.00013168900138083755
 9.6303163676659699e-05
 0.00016830184232893004
 2.7321320550554919e-05
 8.9375382851928862e-07
 0.11449130416629022
 0.0069023433048311872
 0.0028144768275025749
 0.0027662206089930203
 1.839474714136203e-05
 2.2126163159192481e-05
 -1.7732188478533229e-06
 -1.7218872070626328e-06
 0.002666935349077582
 2.0428283943038771e-05
 1.892652893302674e-05
 2.0428283943038771e-05
 3.4855984063920273e-05
 0.0010443832031140122
 0.00026412127689759852
 0.00025793949389523813
 6.6065727825383675e-06
 2.7122112764335939e-06
 4.0035610105133781e-06
 0.00027723480356388889
 1.8241269168370456e-06
 1.8241269168370456e-06
 0.00020243955391802869
 0.086553675439668507
 0.0050250188218223784
 0.00028479936322810994
 -1.8370993720837485e-06
 -1.8370993720837485e-06
 -1.8370993720837485e-06
 4.862658531773068e-06
 0.44633865150922009
 0.19349925385669786
 0.15028050645869087
 0.19944270211416157
 0.0021476240695397293
 0.00025423578203246554
 0.00025423578203246554
 0.00025423578203246554
 0.00025423578203246554
 2.6373036855034097e-07
 0.0030220822714958199
 2.4434157533789651e-06
 1.5787663926177586e-06
 0.0021476240695397293
 0.49840114773868627
 4.5352368152077355e-07
 1.0550840696351974e-06
 0.00057980966765594261
 0.0005509361671091512
 0.0004925480415029276
 0.0004925480415029276
 0.0004925480415029276
 0.097531456752400977
 2.6696002545452966e-06
 0.00018798676187182042
 0.00065821608063408002
 0.00065821608063408002
 0.19715482321910272
 0.20256094177616654
 0.0028144768275025749
 0.00039996822646783456
 4.3045028386528527e-06
 3.1777254651945646e-05
 3.7908596931693667e-05
 9.0305919700627862e-07
 4.3045028386528527e-06
 3.2120830355033211e-05
 3.2120830355033211e-05
 3.2120830355033211e-05
 3.2120830355033211e-05
 0.0001744542515901961
 0.00019804459528060758
 0.00068540490841155662
 -1.0152093986002396e-06
 -5.7401490008590542e-07
 -1.0131579209782544e-06
 -1.0152093986002396e-06
 0.00026613552459343361
 0.0001252418020005714
 0.00012399785570483095
 0.00012399785570483095
 0.00012401560873877613
 0.00012401560873877613
 0.00014702872103613339
 1.0394306111800298e-06
