# Created by Octave 5.2.0, Thu Feb 04 23:03:38 2021 -03 <kuroneko@kuroneko-VirtualBox>
# name: jacobiMat
# type: sparse matrix
# nnz: 100
# rows: 1
# columns: 100
1 1 1.0151350233206395
1 2 0.52534933935905204
1 3 1.023846941968342
1 4 0.47792869607809424
1 5 1.0359180691801442
1 6 0.42960661589043392
1 7 1.0513991680812838
1 8 0.38068674016658433
1 9 1.0702819754449324
1 10 0.33146992818566928
1 11 1.0925010555605772
1 12 0.28224850286093106
1 13 1.1179372090143791
1 14 0.23330101979523923
1 15 1.1464220784449344
1 16 0.18488812837087087
1 17 1.177743766607908
1 18 0.13724903403070474
1 19 1.211653138513541
1 20 0.090599220684923654
1 21 1.2478705243966037
1 22 0.045128768476239145
1 23 1.2860924940262648
1 24 0.0010017125654753266
1 25 1.3259985929881093
1 26 -0.041643787710411224
1 27 1.3672576171592903
1 28 -0.082694573769147683
1 29 1.409533445334425
1 30 -0.12206126798933013
1 31 1.4524903001646254
1 32 -0.15967641809700103
1 33 1.4957973390608117
1 34 -0.19549207828878526
1 35 1.5391323369263559
1 36 -0.22947742132845708
1 37 1.5821849077191765
1 38 -0.26161657224412255
1 39 1.6246589080971974
1 40 -0.29190545664065859
1 41 1.6662740518220982
1 42 -0.32035007096214391
1 43 1.7067673581844223
1 44 -0.3469639498876112
1 45 1.7458938816179139
1 46 -0.37176614164411609
1 47 1.7834273183151315
1 48 -0.39477980015332831
1 49 1.8191599490072436
1 50 -0.41603026023821277
1 51 1.8529027480999227
1 52 -0.4355440105599383
1 53 1.8844852124958251
1 54 -0.45334773879147422
1 55 1.9137551973428573
1 56 -0.4694680444134014
1 57 1.9405792552748349
1 58 -0.48393090192283156
1 59 1.9648423571626921
1 60 -0.49676175628921293
1 61 1.986448544131511
1 62 -0.50798531230541699
1 63 2.0053216508680767
1 64 -0.51762592495180926
1 65 2.0214061201022138
1 66 -0.52570864709486376
1 67 2.0346689700207325
1 68 -0.53225998636487071
1 69 2.0451016880877679
1 70 -0.53730864050952298
1 71 2.0527231853579968
1 72 -0.54088721317705113
1 73 2.0575833221462418
1 74 -0.54303332117455894
1 75 2.0597672359996717
1 76 -0.54379205121458185
1 77 2.0594007316981395
1 78 -0.54321821473276988
1 79 2.0566567948363383
1 80 -0.54137870323325366
1 81 2.0517625954407186
1 82 -0.53835528967201107
1 83 2.045007770292766
1 84 -0.53424859309943751
1 85 2.0367542955872469
1 86 -0.52918128106919959
1 87 2.0274471114196544
1 88 -0.52330312546019764
1 89 2.0176259004498251
1 90 -0.51679538932439817
1 91 2.0079382221446926
1 92 -0.50987648215884596
1 93 1.9991538314577486
1 94 -0.50280799529974396
1 95 1.9921796900428159
1 96 -0.49590147922456873
1 97 1.9880765747647298
1 98 -0.48952635773924247
1 99 1.9880765747647298
1 100 -0.48411776530010214


# name: seidelMat
# type: sparse matrix
# nnz: 100
# rows: 1
# columns: 100
1 1 1.0151350233206398
1 2 0.52534933935905204
1 3 1.0238469419683423
1 4 0.47792869607809424
1 5 1.0359180691801442
1 6 0.42960661589043392
1 7 1.0513991680812835
1 8 0.38068674016658433
1 9 1.0702819754449322
1 10 0.33146992818566928
1 11 1.0925010555605772
1 12 0.28224850286093106
1 13 1.1179372090143793
1 14 0.23330101979523923
1 15 1.1464220784449342
1 16 0.18488812837087087
1 17 1.1777437666079078
1 18 0.13724903403070474
1 19 1.2116531385135407
1 20 0.090599220684923654
1 21 1.2478705243966033
1 22 0.045128768476239145
1 23 1.2860924940262644
1 24 0.0010017125654753266
1 25 1.3259985929881088
1 26 -0.041643787710411224
1 27 1.3672576171592901
1 28 -0.082694573769147683
1 29 1.4095334453344248
1 30 -0.12206126798933013
1 31 1.4524903001646252
1 32 -0.159676418097001
1 33 1.4957973390608112
1 34 -0.19549207828878523
1 35 1.5391323369263556
1 36 -0.22947742132845705
1 37 1.5821849077191765
1 38 -0.26161657224412255
1 39 1.6246589080971976
1 40 -0.29190545664065859
1 41 1.6662740518220984
1 42 -0.32035007096214396
1 43 1.7067673581844225
1 44 -0.3469639498876112
1 45 1.7458938816179139
1 46 -0.37176614164411603
1 47 1.783427318315131
1 48 -0.39477980015332825
1 49 1.8191599490072432
1 50 -0.41603026023821271
1 51 1.8529027480999223
1 52 -0.43554401055993824
1 53 1.8844852124958247
1 54 -0.45334773879147411
1 55 1.9137551973428566
1 56 -0.46946804441340134
1 57 1.9405792552748342
1 58 -0.48393090192283145
1 59 1.9648423571626914
1 60 -0.49676175628921276
1 61 1.9864485441315101
1 62 -0.50798531230541677
1 63 2.0053216508680758
1 64 -0.51762592495180904
1 65 2.0214061201022124
1 66 -0.52570864709486353
1 67 2.0346689700207308
1 68 -0.53225998636487037
1 69 2.0451016880877666
1 70 -0.53730864050952276
1 71 2.0527231853579959
1 72 -0.54088721317705091
1 73 2.057583322146241
1 74 -0.54303332117455849
1 75 2.0597672359996708
1 76 -0.54379205121458141
1 77 2.0594007316981386
1 78 -0.54321821473276954
1 79 2.0566567948363375
1 80 -0.54137870323325343
1 81 2.0517625954407182
1 82 -0.53835528967201096
1 83 2.045007770292766
1 84 -0.5342485930994374
1 85 2.0367542955872469
1 86 -0.52918128106919948
1 87 2.0274471114196548
1 88 -0.52330312546019742
1 89 2.0176259004498251
1 90 -0.51679538932439795
1 91 2.0079382221446931
1 92 -0.50987648215884573
1 93 1.9991538314577491
1 94 -0.50280799529974385
1 95 1.9921796900428161
1 96 -0.49590147922456868
1 97 1.9880765747647295
1 98 -0.48952635773924241
1 99 1.9880765747647295
1 100 -0.48411776530010209


# name: sorMat
# type: sparse matrix
# nnz: 100
# rows: 1
# columns: 100
1 1 -4.7623535479530625
1 2 1.344616310770993
1 3 -5.1187042484718148
1 4 1.4973642569871801
1 5 -6.0410186044461369
1 6 1.6590950604175141
1 7 -7.3963560920391664
1 8 1.7993719381535935
1 9 -9.040049206717665
1 10 1.8873425031840045
1 11 -10.816957900120439
1 12 1.8919104778065439
1 13 -12.562973344124064
1 14 1.7819798610611066
1 15 -14.106758485378398
1 16 1.5267720408646994
1 17 -15.271732588828989
1 18 1.0962175081206649
1 19 -15.878290775497369
1 20 0.46141893546336532
1 21 -15.746244206632198
1 22 -0.40481759186022936
1 23 -14.697458458920735
1 24 -1.5273908866246941
1 25 -12.558672112449649
1 26 -2.9282617129573008
1 27 -9.1644451944113463
1 28 -4.6257714968121686
1 29 -4.3602124506085076
1 30 -6.6339396622584808
1 31 1.9946171547171874
1 32 -8.9617574551760875
1 33 10.023575349329112
1 34 -11.612497464754455
1 35 19.830123784231397
1 36 -14.583065458379933
1 37 31.494790597345215
1 38 -17.863422659931107
1 39 45.072528421005366
1 40 -21.436089601190623
1 41 60.590353559785868
1 42 -25.275786010122033
1 43 78.045375643770882
1 44 -29.349204232602382
1 45 97.403261873804595
1 46 -33.614955868377237
1 47 118.59723369954631
1 48 -38.023718623015121
1 49 141.52759410335193
1 50 -42.518573780950341
1 51 166.06190842033396
1 52 -47.035578319128128
1 53 192.03581681655163
1 54 -51.504560229550307
1 55 219.25450890981523
1 56 -55.850155832818203
1 57 247.49496231487359
1 58 -59.993052005103209
1 59 276.50866512859022
1 60 -63.851447781813519
1 61 306.02512133334653
1 62 -67.342677325072145
1 63 335.75583843111451
1 64 -70.384999903794323
1 65 365.39870207374531
1 66 -72.899526824892462
1 67 394.64293016949273
1 68 -74.812198885913404
1 69 423.17409254784076
1 70 -76.055774580434928
1 71 450.67941632077805
1 72 -76.571825668615972
1 73 476.85303211632151
1 74 -76.312608563481149
1 75 501.40108641295262
1 76 -75.242852359342379
1 77 524.04669437547477
1 78 -73.341331448238293
1 79 544.53454122760763
1 80 -70.602185636415726
1 81 562.63475795290628
1 82 -67.035961155733986
1 83 578.14627413006326
1 84 -62.670361101217281
1 85 590.89973384244524
1 86 -57.550585821630378
1 87 600.75946167535869
1 88 -51.739352744369668
1 89 607.6246536613578
1 90 -45.316471673415521
1 91 611.42993624931887
1 92 -38.378049003245792
1 93 612.14522569162386
1 94 -31.035286044897504
1 95 609.77469879040711
1 96 -23.41289534240979
1 97 604.34618277073889
1 98 -15.641227554350976
1 99 599.69951740682245
1 100 -7.2215511942835846


