# Created by Octave 5.2.0, Sun Feb 07 20:09:24 2021 -03 <kuroneko@kuroneko-VirtualBox>
# name: w
# type: scalar
1.8999999999999999


# name: reJacobi
# type: scalar
0.99999592125135539


# name: reSeidel
# type: scalar
0.99999184251949058


# name: reSOR
# type: scalar
0.9998449062678717


