# Created by Octave 5.2.0, Sat Feb 06 00:26:31 2021 -03 <kuroneko@kuroneko-VirtualBox>
# name: jacobiMat
# type: matrix
# rows: 1000
# columns: 1
 0.1486775064302257
 0.16394564322139485
 0.17370013542623536
 0.17327401474333748
 0.19919501075230317
 0.24129162365645834
 0.29775537603602259
 0.36584961168058616
 0.35307940991764603
 0.35338168577474571
 0.21355359199662602
 0.23102062362327411
 0.24608912514331474
 0.24887119269724572
 0.25701639712925578
 0.28219029481001595
 0.32309282667785039
 0.37809552273296337
 0.36328409958284702
 0.36364606474976791
 0.22599461899006237
 0.24490527037435483
 0.26192270060418099
 0.26454530725185937
 0.3067334070519982
 0.35884893731638584
 0.2463459823155878
 0.26710055361533125
 0.26657506701057038
 0.26746643523268709
 0.22802722983596818
 0.24735044743623638
 0.26481252292627716
 0.26748826040562268
 0.30833239465831075
 0.35894322984154081
 0.26193686037991482
 0.28433606244302917
 0.28381108076544703
 0.28453216601785758
 0.22789408262967198
 0.24714497308946265
 0.26448668309397994
 0.26705467882208894
 0.30789032281528711
 0.35820862808778675
 0.31509740576657508
 0.33930877918911878
 0.33880849278556302
 0.33952766586986943
 0.22391370498811475
 0.24246937362349041
 0.25892307952921978
 0.26120716933680466
 0.30465421531474807
 0.35580679124705578
 0.42451409564734649
 0.50771447814801429
 0.47111737937065945
 0.44922396288087274
 0.19946169411555759
 0.21641764317779932
 0.23020229831820438
 0.23356287148534735
 0.29014240464573737
 0.35428927750272604
 0.42488923995997835
 0.51067265021196528
 0.4640818145258227
 0.42993451236055996
 0.13981569948575692
 0.15299772472411269
 0.15993394943539851
 0.16681257443867917
 0.25512464241511418
 0.35216008118461617
 0.27639312085216883
 0.2993492101889455
 0.29925475175987071
 0.37161603524249565
 0.045476195406284246
 0.050340816424633089
 0.056827472396300684
 0.069290129643899384
 0.20615228760464033
 0.35074904250972422
 0.20303630781148288
 0.22164371387875981
 0.22176963716170797
 0.34505297975119165
 -0.0028218634956570805
 -0.0035898097917422735
 -0.0031905271206980937
 -0.0029266337124211365
 0.16912740999883244
 0.34880274178110021
 0.13469256371337548
 0.14890775616549595
 0.14930848612418066
 0.33283912790199455
 1
 0.09241091882102774
 1
 1
 1
 1
 1
 0.22968565139255315
 1
 1
 1
 0.10612530939116818
 1
 0.13091316066545811
 1
 1
 1
 0.22132116302162685
 1
 1
 1
 0.11427633922296343
 1
 0.14492761825158348
 1
 0.22747198400898228
 1
 0.19840998617510891
 1
 1
 1
 0.11764666471691436
 1
 0.15034099563534983
 1
 0.2258105800908948
 1
 0.20957527822622027
 1
 1
 1
 0.11798157550642201
 1
 0.14730146126920937
 1
 0.21914602694435045
 1
 0.25478403149443712
 1
 1
 1
 0.11458980806740235
 1
 0.13273871966183853
 1
 0.20290436118590166
 1
 0.3411723988993054
 1
 0.3253761534270902
 1
 0.1050098124014236
 1
 0.1172144681921579
 1
 0.20196236968486186
 1
 1
 1
 0.29751792965521001
 1
 0.094050907418936958
 1
 0.099877795314965864
 1
 0.21881662206620531
 1
 1
 1
 0.23120482499080189
 1
 1
 1
 0.083342773842225798
 1
 0.22820966054091343
 1
 1
 1
 0.20067235121478283
 1
 1
 1
 1
 1
 0.23460850973348066
 1
 1
 1
 0.19025441475992436
 0.015661124067181214
 0.019235312109697415
 0.0067914734364486898
 -0.0055895437989763779
 -0.0051221785965463165
 -0.005366683544011458
 0.06641643862255682
 0.1489538874736209
 0.13713310348442931
 0.13687181326704981
 0.015309591045883687
 0.019574488918975272
 0.015130901598742016
 0.013347221727471392
 0.010058613910958684
 0.009737961837043509
 0.067123972437741458
 0.13518405798188426
 0.031184343475202509
 0.031453727605592056
 0.016421000576607607
 0.021141918593385798
 0.045185414792112834
 0.077126446238775057
 0.024774496295810432
 0.12616649271616306
 0.075590782983389671
 0.030052112844347788
 0.025504674562958192
 0.025485248586882957
 0.016785859423321614
 0.021663449641719942
 0.048944107950113329
 0.0847797733543494
 0.10302215521023397
 0.12841709452603164
 0.076545502222223144
 0.029846578184644187
 0.025249794179736332
 0.025230372613900098
 0.018246860318352105
 0.023063682915638446
 0.048700326694682917
 0.082719969478594432
 0.099485206156534445
 0.12298646162644446
 0.077594190294921497
 0.038016404538826071
 0.032351381277983191
 0.032334523731567852
 0.019785771543039617
 0.024261224779342432
 0.025922071145042427
 0.033304691848572002
 0.03495362119110574
 0.041937814985661112
 0.11086817450371943
 0.19052679754556281
 0.043391832247298513
 0.29960459934389844
 0.014647158790939269
 0.018917017712775167
 0.021078047508026394
 0.028265893586814698
 0.029554779549512421
 0.036741202223496222
 0.035650418948588884
 0.03975561161741762
 0.039914739606712255
 0.27397590217459622
 0.012699757983607887
 0.016491225136879638
 0.004989002023628699
 0.052981536265303261
 0.022233308244311793
 0.12390091150702179
 0.072359827315826797
 0.02562000955855245
 0.029514242120785721
 0.038152564930501939
 -0.0073062992229431037
 -0.0078391483033704509
 0.0034466781792469804
 0.071552989110955187
 0.024722339637150193
 0.1334103099452604
 0.074731725785948735
 0.019980385759080972
 0.023858434270404256
 0.03158245057673284
 -0.0074291105934470511
 -0.0079554327888327666
 0.0025606222618878116
 0.010321332880345545
 0.019888648232924619
 0.13894479194257983
 0.077550581455936005
 0.019563386098717359
 0.023080345112739511
 0.030420611601826086
 1
 1
 1
 1
 1
 1
 1
 0.08696677196503598
 1
 1
 1
 1
 1
 0.0090557182596677274
 1
 1
 1
 0.074301692182261625
 1
 1
 1
 1
 1
 0.020757331031239709
 1
 0.043709170362170924
 1
 0.046543244332269411
 1
 1
 0.012216212911605953
 1
 1
 0.024888294568298108
 1
 0.042361810993168672
 1
 0.038594068857782292
 1
 1
 0.011486736929011154
 1
 1
 0.023696216178495186
 1
 0.037188797674805658
 1
 0.045876833044796436
 1
 1
 0.0094082809023190578
 1
 1
 0.01622258056818127
 1
 0.023810707446251776
 1
 0.069351275700568385
 1
 1
 0.0069801735832614609
 1
 1
 0.012918261849163898
 0.012165581630142527
 0.025240762826477411
 1
 0.04569899655367804
 1
 1
 0.004290275847859625
 1
 0.0022240155799471539
 0.016560466926664037
 0.011373407584113277
 0.048336183781734134
 1
 0.03570537408087314
 1
 0.016058425434381702
 -0.00080153097955947515
 1
 0.002249084520339889
 1
 0.011319972671650691
 0.059434139358629831
 1
 1
 1
 0.014932016580480939
 -0.0026330690954769549
 1
 0.0020240131404631384
 1
 0.010801634956072515
 0.064995932232713577
 1
 1
 1
 0.015023796858457126
 -0.0023437931115367835
 -0.002566290950679396
 -0.0027551219178389781
 -0.0027635870071693186
 -0.0042962226867770204
 -0.0046958618687178624
 -0.0049199138083259311
 0.072206451492357701
 0.0021953794715181686
 0.0021680668347310275
 -0.0032032613934379417
 -0.0034370172804803183
 -0.0032292664304352007
 -0.00257094195243995
 -0.0028901874685415964
 -0.002873927183720584
 -0.003165544047476663
 0.061571824309745234
 -0.00044112260836926345
 -0.00065350824650347423
 0.0011722314416799829
 0.0016573314856608624
 0.002178472113632003
 0.0034711337448208954
 0.0046071913811059169
 0.0072705897073692223
 0.0051819199107979328
 0.039038420011238105
 -0.0017987860060763264
 -0.0020953512948874136
 0.011201740758707593
 0.0037370025052412678
 0.0022184762942562071
 0.0037437594090687794
 0.0043477959573977321
 0.0065566387783264901
 0.0064553055504831588
 0.032453783145432062
 -0.0026912377522859943
 -0.0031005985299879888
 0.0053686367582102199
 0.00033693413785957689
 0.0020050798298054005
 0.0035238740156181315
 0.0038320210298005588
 0.0056406360360277122
 0.0056456209864547951
 0.038265171540083777
 -0.0050190075540195124
 -0.0047907236021484043
 0.0046191652285423428
 0.00014669804708302369
 0.0024747561205236811
 0.0065477739484551926
 0.0021348127601947342
 0.0030076221974157896
 0.0026771173413761211
 0.057866782353050816
 -0.00091503043994783484
 -0.00018444073061804213
 0.0035290950039829029
 0.00037084703781065066
 -0.0004862870844006017
 0.00073963793374805286
 0.00087600394357936838
 0.0015872232694339105
