# Created by Octave 5.2.0, Sun Feb 07 18:58:26 2021 -03 <kuroneko@kuroneko-VirtualBox>
# name: xJacobi
# type: matrix
# rows: 48
# columns: 1
 1.0000003552143126
 1.0000010604669496
 0.9999981584499763
 1.0000032030997053
 0.99998895107876684
 0.99998349000703646
 0.99999587060830764
 0.99999951407614651
 0.99999682487677299
 1.0000249201817382
 0.99994054046692171
 0.99995793848169034
 0.99999969997916449
 1.0000099709246075
 1.0000059613989905
 0.99999257700081279
 0.99998662236510649
 0.99999676619408928
 1.0000115801103919
 1.0000084077124076
 1.0000089973129371
 1.0000156998031549
 0.99999726879462336
 0.99999015521619106
 1.0000426360772268
 0.99995395557159794
 1.0000805806540785
 1.0000167155646245
 0.99993138157409311
 0.99999886990850484
 0.99999923010862757
 1.000004283759063
 0.99999573020186183
 0.99994150793331948
 0.99998920717298767
 1.0000616773899607
 0.9999735409770163
 1.0000556443645123
 0.99995359334390765
 1.0000037155266566
 1.0000375400899739
 0.9999966720909369
 0.99998882855295801
 1.0000233624633157
 1.000002094691208
 1.0000066784670263
 1.0000169030716157
 0.99999962606596449


# name: xSeidel
# type: matrix
# rows: 48
# columns: 1
 0.99728791109742765
 0.99784522773025641
 0.99852227120670378
 1.001490251760659
 0.99605022250663922
 0.99539852553538355
 0.99868576993593805
 1.000745089899568
 0.99771653901121038
 1.0036664614062571
 0.9903992785616903
 0.99169716642570449
 1.001238521629608
 0.99850641353443848
 0.99782415439185812
 1.0014882591372487
 1.0003233993747123
 1.001096932029206
 1.0013550539023639
 0.99981124179117897
 1.000213376922052
 1.0022205046380828
 0.99990320685425194
 0.9990591354118229
 1.0077063491621265
 0.99571481959594488
 1.0068662697599156
 1.0012187290969403
 0.99345803273574651
 0.99958256008835533
 1.0005850513752184
 1.0008016973875336
 0.99973269370008966
 0.99407202317736665
 1.0003298105145444
 1.0069720400341069
 0.99572679082688953
 1.0058680735325662
 0.98751871610880615
 1.0001647736392227
 1.0093977401367162
 0.99709261273491256
 1.0014222741336063
 1.0083774539242099
 0.99538259297973108
 1.0045360257955021
 1.0036197941310971
 1.0047866190111758


# name: xSOR
# type: matrix
# rows: 48
# columns: 1
 0.99723336590026368
 1.0044765842857761
 0.99503352612237028
 0.99980092931727838
 0.99981625519787254
 0.9979626880021959
 0.99645081388458767
 0.99665534201432726
 0.9875811724735919
 1.0100958370272326
 0.99492901176391035
 1.0072510506053631
 1.0114589831155087
 0.99670523321534077
 0.99774649754204447
 0.99369880856449311
 0.99633076126065123
 0.99272881796659995
 1.0092797758843086
 0.99980168041979356
 1.0102824727858168
 1.000581072455154
 0.9923004567059559
 0.99565818303011544
 1.0007337742834805
 0.99328011249878279
 0.99976782780334772
 1.0054561307381791
 1.0029439726539815
 1.0020004362650008
 0.99190412254463323
 0.9968503401086255
 0.99798903057750699
 0.98768805153338801
 0.99421224456769919
 1.0066328138730098
 0.9984339434271623
 0.99411396803346674
 0.99662345215620274
 1.0048582368624879
 1.0097221499960674
 1.0059384671713836
 1.0000058570652355
 1.0052615156049716
 1.0026134642796825
 0.99903351768994475
 1.0002150802098519
 0.99469551070689899


