# Created by Octave 5.2.0, Sun Feb 07 18:58:19 2021 -03 <kuroneko@kuroneko-VirtualBox>
# name: erJacobi
# type: matrix
# rows: 1
# columns: 48
 -0.00010484899624706779 -0.00010484899624706779 -0.00010484899624706779 -0.00010484899624706779 -0.00010484899624706779 -0.00010484899624706779 -0.00010484899624706779 -0.00010484899624706779 -0.00010484899624706779 -0.00010484899624706779 -0.00010484899624706779 -0.00010484899624706779 -0.00010484899624706779 -0.00010484899624706779 -0.00010484899624706779 -0.00010484899624706779 -0.00010484899624706779 -0.00010484899624706779 -0.00010484899624706779 -0.00010484899624706779 -0.00010484899624706779 -0.00010484899624706779 -0.00010484899624706779 -0.00010484899624706779 -9.2417738690960959e-05 -0.00019669406937882855 -0.00016166098011189271 -0.00016166098011189271 -0.00016166098011189271 -0.00016166098011189271 -0.00016166098011189271 -0.00016166098011189271 -0.00016166098011189271 -0.00016166098011189271 -0.00016166098011189271 -0.00014361341724945207 -0.00014361341724945207 -0.00010484899624706779 -0.00010484899624706779 -0.00010484899624706779 -0.00010484899624706779 -0.00010484899624706779 -0.00010484899624706779 -0.00010484899624706779 -0.00010484899624706779 -0.00010484899624706779 -0.00010484899624706779 -0.00010484899624706779


# name: kJacobi
# type: scalar
12


# name: tol
# type: scalar
0.0001


# name: kmax
# type: scalar
50


# name: reJacobi
# type: scalar
0.6756567745896026


# name: xJacobi
# type: matrix
# rows: 48
# columns: 1
 1.0000003552143126
 1.0000010604669496
 0.9999981584499763
 1.0000032030997053
 0.99998895107876684
 0.99998349000703646
 0.99999587060830764
 0.99999951407614651
 0.99999682487677299
 1.0000249201817382
 0.99994054046692171
 0.99995793848169034
 0.99999969997916449
 1.0000099709246075
 1.0000059613989905
 0.99999257700081279
 0.99998662236510649
 0.99999676619408928
 1.0000115801103919
 1.0000084077124076
 1.0000089973129371
 1.0000156998031549
 0.99999726879462336
 0.99999015521619106
 1.0000426360772268
 0.99995395557159794
 1.0000805806540785
 1.0000167155646245
 0.99993138157409311
 0.99999886990850484
 0.99999923010862757
 1.000004283759063
 0.99999573020186183
 0.99994150793331948
 0.99998920717298767
 1.0000616773899607
 0.9999735409770163
 1.0000556443645123
 0.99995359334390765
 1.0000037155266566
 1.0000375400899739
 0.9999966720909369
 0.99998882855295801
 1.0000233624633157
 1.000002094691208
 1.0000066784670263
 1.0000169030716157
 0.99999962606596449


