# Created by Octave 5.2.0, Sun Feb 07 18:58:26 2021 -03 <kuroneko@kuroneko-VirtualBox>
# name: erSOR
# type: matrix
# rows: 1
# columns: 48
 0.0091154295397128937 0.012673717034022536 0.0165335144749158 0.0036908474932114688 0.003521065924950717 0.00011438313888834095 0.0093410647698580762 0.012331763257645734 0.042093185781842291 0.027874987113669203 0.013633938807064649 0.017678946099190629 0.038340240265716696 0.00097752743039458689 0.0056411697407752204 0.020950759226050941 0.013291489238861476 0.024160294357953194 0.026607163924825095 0.0061164110130302873 0.031177546629349462 0.0027919149558370826 0.017718088318845471 0.0040513581516167241 0.00077750698858014555 0.017475973398245803 4.0306897576281031e-05 0.022021770453053202 0.0050976159698671308 0.011297971480783597 0.017876808620675311 0.014493151258776038 0.0047013214471323117 0.042016803788048285 0.017153809221875815 0.015987935382884233 0.0043252888313429771 0.019025762335734608 0.012830323229101825 0.011181922968786062 0.031023885426075481 0.021353623566712221 0.0019045349154959146 0.011714446061467765 0.0066013912271140063 0.0037746135660059466 0.0049414795029401049 0.014351272292395634


# name: kSOR
# type: scalar
23


# name: tol
# type: scalar
0.0001


# name: kmax
# type: scalar
50


# name: w
# type: scalar
1.8


# name: reSOR
# type: scalar
0.81248527386880431


# name: xSOR
# type: matrix
# rows: 48
# columns: 1
 0.99723336590026368
 1.0044765842857761
 0.99503352612237028
 0.99980092931727838
 0.99981625519787254
 0.9979626880021959
 0.99645081388458767
 0.99665534201432726
 0.9875811724735919
 1.0100958370272326
 0.99492901176391035
 1.0072510506053631
 1.0114589831155087
 0.99670523321534077
 0.99774649754204447
 0.99369880856449311
 0.99633076126065123
 0.99272881796659995
 1.0092797758843086
 0.99980168041979356
 1.0102824727858168
 1.000581072455154
 0.9923004567059559
 0.99565818303011544
 1.0007337742834805
 0.99328011249878279
 0.99976782780334772
 1.0054561307381791
 1.0029439726539815
 1.0020004362650008
 0.99190412254463323
 0.9968503401086255
 0.99798903057750699
 0.98768805153338801
 0.99421224456769919
 1.0066328138730098
 0.9984339434271623
 0.99411396803346674
 0.99662345215620274
 1.0048582368624879
 1.0097221499960674
 1.0059384671713836
 1.0000058570652355
 1.0052615156049716
 1.0026134642796825
 0.99903351768994475
 1.0002150802098519
 0.99469551070689899


