# Created by Octave 5.2.0, Sun Feb 07 20:13:29 2021 -03 <kuroneko@kuroneko-VirtualBox>
# name: erSeidel
# type: matrix
# rows: 1
# columns: 10
 0.64927274269722557 0.17914477525769013 0.091714832314166703 0.054119749526577846 0.032639510633206664 0.020700001559339428 0.013936852682438432 0.0099810333781286016 0.0079504905098899143 0.0067253174081906729


# name: kSeidel
# type: scalar
10


# name: tol
# type: scalar
0.0001


# name: kmax
# type: scalar
10


# name: reSeidel
# type: scalar
0.99999184251949058


# name: xSeidel
# type: matrix
# rows: 1138
# columns: 1
 0.99687302210170559
 0.37337196961954688
 0.029688289624960066
 0.00012923622987789514
 0.87761248531579006
 0.00065800513141602826
 0.00025685613961505299
 0.0014625916311880051
 0.658769628109378
 0.35132156308549489
 0.028585373400093334
 0.028585373400093331
 0.083619274415533629
 0.00057700220952293022
 6.1363021949411528e-06
 6.1363021949411528e-06
 6.1363021949411528e-06
 6.1363021949411528e-06
 6.1363021949411528e-06
 8.6408545817258454e-07
 6.3080042508572409e-07
 6.3080042508572409e-07
 6.3080042508572409e-07
 6.3080042508572409e-07
 6.3080042508572409e-07
 0.0013057819366422924
 4.8247545139150212e-05
 4.8247545139150212e-05
 4.8247545139150212e-05
 4.8247545139150212e-05
 0.0001783243570149421
 0.00019392349058701427
 0.00020225753017410385
 0.044215895008515221
 0.00043865734748450402
 8.3779088883531949e-06
 0.00048114311857452689
 0.007077647920559412
 0.0068337069921603159
 -1.1500698093995872e-07
 -6.5418026485249176e-07
 -6.5418026485249176e-07
 1.5684927616280779e-06
 -7.6531650306544806e-07
 -6.4203434927213404e-07
 -8.8693742836886989e-07
 -8.8693742836886989e-07
 -9.0960474297748872e-07
 -1.6297645375923738e-06
 -6.7487618503148294e-07
 -6.7487618503148294e-07
 -4.2896587457200571e-07
 -2.7902892155273654e-06
 -1.408795563429248e-06
 -2.7902892155273654e-06
 -4.9177087705555765e-07
 3.4086284876638795e-07
 5.5511258533921034e-07
 4.350758751158746e-07
 -7.3440173571437298e-08
 6.3520600666825002e-08
 2.8992711549178298e-06
 -5.4581943508083184e-07
 -1.3607635683514709e-08
 -9.0259003731424278e-07
 3.7345218836650729e-07
 4.6903577190381309e-07
 -3.182098001941036e-08
 3.3850649648305386e-07
 6.7171506667743332e-07
 3.0803626633136369e-07
 1.0719524699283753e-06
 1.0719524699283753e-06
 7.650825197577904e-07
 -1.0973378957581572e-06
 3.8605458958924325e-07
 -1.3102186117163019e-06
 2.593883568275893e-06
 6.7579710839578297e-06
 6.8147697784637105e-06
 5.4094336408458317e-07
 2.4374702451100549e-06
 2.4374702451100549e-06
 2.4634692566573408e-06
 1.1111578830748437e-06
 5.3166523411323064e-07
 4.3340284851049666e-07
 4.3340284851049666e-07
 -1.2460287042592761e-06
 3.5452129745311553e-07
 8.9195779297478149e-07
 1.0257612208412345e-06
 1.3404092109002074e-06
 2.5612785701369876e-06
 2.7435019994196496e-06
 3.4406278792327028e-07
 2.0597374541132141e-06
 0.0058559365004345878
 0.0020611368965399376
 0.0002709374332535581
 0.00011821422939580331
 1.912567985944331e-05
 9.2010083026016317e-06
 0.10112575647847911
 -1.6296825588740652e-06
 -1.6296825588740652e-06
 2.356313112354357e-06
 2.6211958724376779e-06
 -1.6747487703873311e-06
 2.8217641720028268e-06
 1.6729394430223148e-06
 -8.2531395023184195e-08
 -3.0162093181117873e-06
 7.2070390152126336e-06
 -1.0282660119455584e-06
 9.737938239780675e-07
 9.737938239780675e-07
 7.2393695124241295e-07
 1.0245076000767477e-06
 2.7673064179635712e-06
 5.3543281265088553e-06
 3.9940810894379337e-06
 3.8090379829015965e-06
 3.4791577107588515e-06
 7.1448290991676807e-06
 2.3507842927156376e-06
 1.3360782041321155e-06
 1.3360782041321155e-06
 4.3521701930579839e-06
 3.2275746480360242e-07
 -7.4671586914882491e-07
 -1.0246339207688716e-06
 -5.9613828716693566e-07
 -5.9613828716693566e-07
 -4.552178210970935e-06
 -1.6909311760549614e-06
 3.1918258085597986e-07
 -5.4352869693611252e-07
 7.0835935942712627e-08
 1.0175718049010158e-06
 -7.5709029922654773e-07
 1.2728216455387402e-06
 -8.8274550815861925e-07
 8.1234310585850338e-07
 -2.139167668343082e-06
 1.6907881589937028e-06
 2.0623029337483414e-06
 2.0623029337483414e-06
 -4.4509258169220952e-08
 8.2294269367537405e-07
 7.499484429437662e-07
 1.225899914565075e-06
 4.2872147458507085e-07
 -6.6990417916356011e-07
 1.7637506284987601e-06
 3.869554147023838e-06
 -1.3227821800920538e-07
 5.3717807964891439e-07
 3.1666387063491656e-07
 5.4678106550688077e-08
 -8.1287437660418245e-07
 2.5560212996567948e-07
 -2.4337561813936569e-08
 -4.4509258169220952e-08
 2.3790242977305934e-07
 -8.3331753037249464e-08
 4.9392543635841277e-07
 1.600755363904106e-06
 6.9994651502306738e-07
 8.5823363774498532e-07
 -1.5563620549063141e-06
 4.757264746405754e-07
 9.3461593366667793e-07
 1.4980856304566256e-07
 7.4442914224143326e-07
 -7.447268853898548e-07
 -1.078105679033788e-06
 -1.5604627979548401e-06
 7.407537058330739e-07
 1.3307861062079646e-06
 4.2872147458507085e-07
 3.8207472789026808e-07
 4.8051278078771976e-07
 1.1823834232593113e-06
 1.0633148516313036e-06
 1.1962763638873925e-07
 1.0767631871838631e-06
 9.8186054173309789e-07
 1.7965534501123251e-07
 9.9984595804910533e-08
 1.5709205267623341e-06
 1.426003745598604e-09
 7.3057780836713247e-07
 1.198362091851585e-07
 1.4818561150712424e-06
 6.7171506667743332e-07
 1.3076005421992453e-06
 1.891281800081866e-06
 1.0169498756225051e-07
 -2.6100102830538861e-07
 -3.7526369377662751e-07
 1.0727629663838714e-07
 7.4138774725481899e-07
 -1.0973378957581572e-06
 3.1334965107500121e-07
 3.0450649930902798e-07
 -7.3502132253606948e-07
 -4.3756309663225029e-07
 1.5988183213140317e-06
 -2.058922463880773e-06
 1.1483002108197157e-06
 1.2294788476926253e-06
 7.1418429661855038e-06
 -1.8663726064391114e-06
 -2.058922463880773e-06
 -1.590855420685066e-07
 -2.1204314052230868e-06
 -5.3676582211292261e-07
 -1.3967668830815577e-07
 7.9093587350863153e-08
 1.8331941852138266e-08
 -4.0136229696204282e-07
 4.9407536605608445e-07
 -4.1310923407031956e-07
 -4.8491590025062972e-07
 5.5736623830851606e-07
 1.3257633492983905e-07
 2.993278748845216e-07
 2.993278748845216e-07
 -1.3967668830815577e-07
 7.7724813129778264e-07
 6.0167830804877086e-07
 -3.162234926793511e-07
 -1.0246212355952877e-06
 -2.2116743495751163e-06
 -2.1083935173912815e-06
 1.7742807059282807e-06
 -2.4128346276911792e-06
 -2.2001698316412739e-06
 1.6392382611035141e-06
 -2.5975119186008335e-07
 -2.1611053342523055e-07
 -2.2116743495751163e-06
 4.5299369662689808e-07
 -2.9044092720038023e-07
 2.4345923150183171e-07
 4.126573418153215e-07
 4.1637214665563306e-07
 -1.9956616555725593e-06
 -2.3968811679779926e-06
 -1.7697187162362402e-07
 2.0498727666947751e-06
 1.8986146450201655e-07
 3.3500638099489195e-07
 4.2471560358198654e-07
 -3.5570864430656932e-06
 -1.2203160450666207e-06
 1.3356349324262768e-06
 1.7977235422573513e-06
 5.3880332769117998e-07
 1.4290250056358134e-06
 3.2950493656835793e-06
 -1.2556620603191283e-06
 3.1133648662297318e-06
 4.579923292235023e-06
 -1.7650882880935689e-07
 -2.0417892429901497e-07
 9.1648852664176682e-07
 4.393690260863537e-07
 -2.3279963399589946e-06
 1.3404092109002074e-06
 2.0445220292024584e-07
 1.5991915220522592e-06
 1.589275418141429e-06
 -1.2674619149753807e-06
 4.5984596890097086e-06
 2.8288548495440114e-07
 1.7237323842820309e-06
 -6.3668708833668992e-07
 -2.3279963399589946e-06
 -2.2001698316412739e-06
 -2.1283436384940473e-06
 3.7725301714398571e-07
 3.3481361382270605e-07
 2.41512847597418e-07
 -2.1083935173912815e-06
 1.7742807059282809e-06
 8.4923964915728618e-07
 1.8136004395148251e-07
 -3.5570864430656936e-06
 -1.5633140371770256e-07
 -1.7556028390589598e-07
 6.6828483430423246e-08
 6.6828483430423246e-08
 -5.1989561154226536e-07
 -1.5866327746908028e-07
 -2.1109952830361503e-07
 -6.0508861246049393e-07
 -5.8672395056503099e-07
 3.4943495145475242e-06
 2.2670766342844968e-06
 4.3053026633549815e-07
 1.869274861074249e-06
 5.7275667689988983e-07
 7.4931208541909366e-07
 7.6965470024903691e-07
 -1.2146187378811402e-07
 7.0547617289453998e-07
