# Created by Octave 5.2.0, Sun Feb 07 22:25:11 2021 -03 <kuroneko@kuroneko-VirtualBox>
# name: erJacobi
# type: scalar
4.9861899187230515e-10


# name: kJacobi
# type: scalar
1


# name: erSeidel
# type: matrix
# rows: 1
# columns: 20
 0.548148149293752 0.16509998602741219 0.086908830213130311 0.058405929799412677 0.041582005964916541 0.031530281860947397 0.025068834492203009 0.020586813970111844 0.017278455127845239 0.014721624615719688 0.012679954872675821 0.011011334905811961 0.0096244385022289502 0.0085660270390586386 0.0076757566711126895 0.0068886926339882578 0.00680472463932908 0.0067549699855576498 0.0067053262069240276 0.0066559155795561202


# name: kSeidel
# type: scalar
20


# name: erSOR
# type: matrix
# rows: 1
# columns: 20
 0.99999987028179882 0.82142850255951505 0.3878862899467948 0.50986841416434481 0.63198751034575107 0.49259159514328787 0.34192109422982941 0.63081061886843737 0.49257030036411314 0.43868438326087428 0.28339574503672871 0.26756302154430495 0.13526907586473097 0.22100522291475638 0.13550036530710932 0.12886592432555438 0.14604923717542184 0.16622113148032286 0.048869492680632412 0.10065464963521152


# name: kSOR
# type: scalar
20


