# Created by Octave 5.2.0, Sun Feb 07 18:23:31 2021 -03 <kuroneko@kuroneko-VirtualBox>
# name: x
# type: matrix
# rows: 48
# columns: 1
 1.0000000000000002
 1.0000000000000002
 1.0000000000000002
 0.99999999999999933
 1.0000000000000002
 0.99999999999999978
 1
 1
 1.0000000000000002
 1
 1
 1.0000000000000004
 1
 1.0000000000000002
 1.0000000000000002
 0.99999999999999956
 0.99999999999999956
 1
 1.0000000000000004
 0.99999999999999989
 1.0000000000000004
 0.99999999999999989
 1
 0.99999999999999978
 0.99999999999999956
 1.0000000000000002
 0.99999999999999978
 1.0000000000000002
 1
 0.99999999999999989
 0.99999999999999978
 1.0000000000000007
 0.99999999999999956
 0.99999999999999989
 0.99999999999999933
 1.0000000000000002
 1
 1.0000000000000002
 1
 1.0000000000000002
 1
 0.99999999999999967
 1.0000000000000002
 0.99999999999999989
 1.0000000000000002
 1
 1.0000000000000002
 0.99999999999999978


# name: distX
# type: scalar
6.6613381477509392e-16


# name: distA
# type: scalar
8.3542594646394853e-16


# name: distB
# type: scalar
3.2337725006091361e-16


# name: r
# type: scalar
2.6645352591003757e-15


# name: preench
# type: scalar
67.132116004296449


# name: K
# type: scalar
6.1085826033649857


# name: b
# type: matrix
# rows: 48
# columns: 1
 3.6141701599999996
 5.5654308600000002
 1.92606586
 2.4420930719999996
 2.8768292000000004
 4.5773102999999997
 1.93922602
 2.2253491759999999
 4.3066677662000004
 2.6834496799999998
 6.6182484719999994
 6.4840465800000002
 2.8143929800000005
 3.0573290200000005
 3.9106602800000001
 4.5163697799999998
 5.146123059999999
 5.1539806399999994
 3.76886812
 5.6448012399999996
 5.1483296119999995
 4.7737764199999999
 5.0285807462000003
 5.0762153213999994
 7.5978822399999997
 6.7763011599999992
 7.5405825000000011
 5.0416828014000004
 8.2397115400000001
 4.6217477799999998
 5.1702240599999998
 5.7209996200000006
 4.7296401999999995
 5.2021124199999997
 5.0352672200000006
 6.3200965280000005
 5.1056400280000007
 6.8908727400000007
 7.0370457399999999
 5.2877187599999997
 6.5575225800000005
 6.22593876
 4.5270813400000005
 6.174068772
 6.118411214
 4.06154378
 5.0787939020000001
 8.0426776999999987


# name: a
# type: sparse matrix
# nnz: 306
# rows: 48
# columns: 48
1 1 2.8304525199999997
2 1 -0.52336744000000002
8 1 0.31232476999999997
45 1 0.17980156
48 1 0.81495874999999995
1 2 -0.52336744000000002
2 2 3.9627064600000002
3 2 -0.15662359000000001
42 2 0.32195842000000002
43 2 0.55161512999999995
46 2 0.43764341000000001
48 2 0.97149847
2 3 -0.15662359000000001
3 3 1.6196565199999999
4 3 0.21309968000000001
46 3 0.24993325
3 4 0.21309968000000001
4 4 1.8250883960000002
5 4 0.38009574000000002
37 4 -0.10404186
44 4 0.0045405159999999996
46 4 0.12331060000000001
4 5 0.38009574000000002
5 5 2.2295085000000001
6 5 -0.29109390000000002
44 5 0.55831885999999997
5 6 -0.29109390000000002
6 6 3.2389368599999999
7 6 -0.15918781000000001
41 6 0.74459156999999998
44 6 0.50065051000000005
47 6 0.54341307000000005
6 7 -0.15918781000000001
7 7 1.6288008199999999
8 7 0.21819601999999999
47 7 0.25141699000000001
1 8 0.31232476999999997
7 8 0.21819601999999999
8 8 1.689866935
35 8 -0.077192346999999994
45 8 0.041230296999999999
47 8 0.040923501000000001
9 9 2.9637970150999999
10 9 0.29236962999999999
15 9 -0.23408372999999999
18 9 0.52778385000000005
23 9 0.0017608931
30 9 -0.076379401999999999
31 9 0.83141951000000003
9 10 0.29236962999999999
10 10 1.9505593700000001
11 10 0.39920814999999998
21 10 0.15014706
23 10 -0.10883453
10 11 0.39920814999999998
11 11 4.361045442
12 11 -0.47330316
21 11 0.062065785999999998
24 11 -0.078618045999999997
25 11 1.2764055000000001
27 11 1.0714448000000001
11 12 -0.47330316
12 12 4.2504463800000005
13 12 0.42140016000000002
27 12 0.73162055000000004
34 12 -0.035119930000000001
36 12 0.20290797999999999
38 12 1.3860946000000001
12 13 0.42140016000000002
13 13 2.03361452
14 13 0.24841147999999999
19 13 0.23738485000000001
34 13 -0.12641802999999999
13 14 0.24841147999999999
14 14 2.18405782
15 14 -0.066740763999999994
16 14 0.24385473999999999
17 14 0.53639829000000006
19 14 -0.088652545999999999
9 15 -0.23408372999999999
14 15 -0.066740763999999994
15 15 2.756154634
16 15 0.87617818000000003
18 15 0.57915196000000002
14 16 0.24385473999999999
15 16 0.87617818000000003
16 16 2.9309896000000002
17 16 -0.076848958999999994
18 16 -0.095955751000000006
20 16 0.63815197000000001
14 17 0.53639829000000006
16 17 -0.076848958999999994
17 17 3.1499104889999998
19 17 0.63946981000000003
20 17 0.63498653999999999
22 17 0.26220689000000003
9 18 0.52778385000000005
15 18 0.57915196000000002
16 18 -0.095955751000000006
18 18 3.3763843309999997
20 18 0.33207248
31 18 -0.20343826000000001
40 18 0.63798202999999998
13 19 0.23738485000000001
14 19 -0.088652545999999999
17 19 0.63946981000000003
19 19 2.4730866059999999
22 19 0.11407813999999999
34 19 0.39350126000000002
16 20 0.63815197000000001
17 20 0.63498653999999999
18 20 0.33207248
20 20 3.7514903399999997
22 20 -0.31401622000000001
40 20 -0.1150735
42 20 0.24293651999999999
43 20 0.47425310999999998
10 21 0.15014706
11 21 0.062065785999999998
21 21 3.2210495759999995
23 21 0.77451795999999995
24 21 1.087434
28 21 -0.14688477
17 22 0.26220689000000003
19 22 0.11407813999999999
20 22 -0.31401622000000001
22 22 3.2021465722000002
34 22 0.52277534999999997
37 22 0.25015540000000003
43 22 0.73767243000000005
46 22 -0.0012421422
9 23 0.0017608931
10 23 -0.10883453
21 23 0.77451795999999995
23 23 3.2328140131000001
28 23 0.30872397000000001
30 23 0.92928754999999996
33 23 -0.10968911000000001
11 24 -0.078618045999999997
21 24 1.087434
24 24 3.1167257067
25 24 0.43400622
26 24 0.51319965000000001
28 24 0.0034677906999999999
11 25 1.2764055000000001
24 25 0.43400622
25 25 4.4161929999999998
26 25 0.45754620000000001
27 25 -0.11725188
29 25 1.1309832
24 26 0.51319965000000001
25 26 0.45754620000000001
26 26 4.3898634399999992
28 26 0.92694195999999995
29 26 -0.47698075000000001
35 26 -0.024732110000000002
41 26 0.68767314999999996
47 26 0.30278961999999998
11 27 1.0714448000000001
12 27 0.73162055000000004
25 27 -0.11725188
27 27 4.387543130000001
29 27 1.1778389
38 27 0.28938700000000001
21 28 -0.14688477
23 28 0.30872397000000001
24 28 0.0034677906999999999
26 28 0.92694195999999995
28 28 3.2081456117
33 28 0.78170768000000002
35 28 -0.040419441
25 29 1.1309832
26 29 -0.47698075000000001
27 29 1.1778389
29 29 5.2914498500000002
38 29 0.41321185999999999
39 29 -0.19461333
41 29 0.89782181000000005
9 30 -0.076379401999999999
23 30 0.92928754999999996
30 30 2.970987542
31 30 0.23977146999999999
32 30 0.64181487000000004
33 30 -0.083734249999999996
9 31 0.83141951000000003
18 31 -0.20343826000000001
30 31 0.23977146999999999
31 31 3.2885502900000003
32 31 0.14218333999999999
40 31 0.87173771
30 32 0.64181487000000004
31 32 0.14218333999999999
32 32 3.5720402300000003
33 32 0.68319213000000001
40 32 -0.21154042000000001
42 32 0.77887766999999997
45 32 0.1144318
23 33 -0.10968911000000001
28 33 0.78170768000000002
30 33 -0.083734249999999996
32 33 0.68319213000000001
33 33 3.0582434599999999
35 33 0.19639134
45 33 0.20352894999999999
12 34 -0.035119930000000001
13 34 -0.12641802999999999
19 34 0.39350126000000002
22 34 0.52277534999999997
34 34 3.2975837669999999
36 34 1.1847795999999999
37 34 -0.034989596999999997
8 35 -0.077192346999999994
26 35 -0.024732110000000002
28 35 -0.040419441
33 35 0.19639134
35 35 3.1599775079999999
45 35 0.92038850000000005
47 35 0.90085377
12 36 0.20290797999999999
34 36 1.1847795999999999
36 36 3.872135514
37 36 0.082278383999999996
38 36 -0.21208725
39 36 1.1900823
4 37 -0.10404186
22 37 0.25015540000000003
34 37 -0.034989596999999997
36 37 0.082278383999999996
37 37 3.2906431290000002
39 37 -0.098791658000000004
44 37 1.0005016
46 37 0.71988463000000003
12 38 1.3860946000000001
27 38 0.28938700000000001
29 38 0.41321185999999999
36 38 -0.21208725
38 38 4.1575236200000001
39 38 0.85674291000000002
29 39 -0.19461333
36 39 1.1900823
