# Created by Octave 5.2.0, Sun Feb 07 18:24:08 2021 -03 <kuroneko@kuroneko-VirtualBox>
# name: x
# type: matrix
# rows: 494
# columns: 1
 0.99999999999999967
 0.99999999999986866
 0.99999999999991473
 0.99999999999986855
 0.99999999999994305
 0.99999999999991696
 0.99999999999985889
 0.99999999999986855
 0.99999999999980616
 0.99999999999986644
 0.9999999999997965
 0.99999999999994882
 0.99999999999994871
 0.99999999999994893
 0.99999999999994871
 0.99999999999994882
 0.99999999999992861
 0.99999999999985867
 0.99999999999994882
 0.99999999999992861
 0.99999999999992861
 1.0000000000001348
 1.000000000000135
 0.99999999999993927
 0.99999999999993927
 0.99999999999987532
 0.99999999999991651
 0.9999999999999164
 0.9999999999998056
 0.99999999999991329
 0.9999999999999134
 0.99999999999986056
 0.99999999999979217
 0.99999999999979217
 0.99999999999979816
 0.99999999999990807
 0.99999999999981382
 0.99999999999989853
 0.99999999999989975
 0.99999999999989064
 0.99999999999999833
 1.0000000000000018
 1.000000000000002
 0.99999999999991107
 1.0000000000000593
 1.0000000000000049
 1.0000000000000089
 0.99999999999986289
 0.99999999999990707
 0.99999999999990719
 0.99999999999999356
 0.99999999999991562
 0.99999999999986211
 0.99999999999981648
 0.99999999999980893
 0.99999999999987643
 0.99999999999993627
 0.9999999999998741
 0.9999999999998741
 0.9999999999998741
 0.99999999999980915
 0.99999999999986755
 0.9999999999998217
 0.9999999999998217
 0.99999999999979705
 0.99999999999979694
 0.99999999999987088
 0.99999999999985811
 0.99999999999987088
 0.99999999999987077
 0.99999999999987221
 0.99999999999986122
 0.99999999999985811
 0.99999999999987199
 0.99999999999987199
 0.99999999999987221
 1.0000000000001172
 1.0000000000001177
 0.99999999999981781
 0.99999999999981681
 1.0000000000001461
 0.99999999999999334
 0.99999999999986677
 0.99999999999993194
 0.99999999999987998
 0.99999999999987921
 0.9999999999998721
 0.9999999999998791
 0.99999999999981581
 0.99999999999986966
 0.99999999999986877
 0.99999999999986766
 0.99999999999986877
 0.99999999999986877
 0.99999999999986755
 0.99999999999986755
 0.9999999999998096
 0.99999999999997813
 0.99999999999987532
 0.99999999999986633
 0.99999999999988998
 0.99999999999988975
 0.99999999999986477
 0.99999999999988509
 0.99999999999988531
 1.0000000000000178
 0.99999999999991152
 0.99999999999988576
 1.0000000000001346
 1.0000000000001348
 1.0000000000001346
 1.0000000000001346
 0.99999999999988542
 0.99999999999994504
 0.99999999999994316
 0.99999999999987954
 0.99999999999987943
 0.99999999999987854
 0.99999999999987965
 0.99999999999986888
 1.0000000000001259
 1.0000000000001241
 1.0000000000001261
 0.99999999999987788
 1.0000000000000184
 1.0000000000000184
 0.99999999999986844
 0.99999999999986777
 0.99999999999986822
 0.99999999999987421
 0.99999999999987421
 0.99999999999987443
 0.99999999999987488
 0.99999999999987566
 1.000000000000135
 0.99999999999987443
 0.99999999999987432
 0.99999999999983902
 0.99999999999981537
 1.0000000000001348
 0.99999999999987421
 0.99999999999987488
 0.99999999999987554
 0.99999999999987466
 0.99999999999987421
 0.99999999999981093
 0.99999999999981537
 0.9999999999998106
 0.9999999999999003
 0.9999999999999174
 1.0000000000001339
 1.0000000000001341
 1.0000000000001297
 1.0000000000001339
 1.0000000000001346
 1.0000000000000153
 1.0000000000000155
 0.99999999999986811
 0.9999999999998137
 0.99999999999984179
 0.99999999999980882
 0.99999999999981648
 0.99999999999989864
 0.99999999999988864
 0.99999999999985911
 0.99999999999986577
 0.99999999999988887
 0.99999999999991329
 0.99999999999991296
 0.99999999999991029
 1.0000000000000027
 1.0000000000000024
 0.99999999999991662
 1.0000000000000022
 1.000000000000002
 0.99999999999985989
 0.99999999999986855
 0.99999999999986988
 1.0000000000001301
 0.99999999999988187
 0.99999999999988176
 0.9999999999999134
 0.9999999999997875
 0.9999999999997875
 0.99999999999978739
 0.99999999999991407
 1.0000000000001192
 0.99999999999986167
 0.99999999999982703
 0.99999999999982692
 0.99999999999988576
 0.99999999999988509
 0.9999999999998852
 0.99999999999988487
 0.99999999999988576
 0.99999999999988609
 1.0000000000001408
 0.99999999999986211
 0.99999999999983924
 0.99999999999991307
 0.99999999999986233
 0.99999999999989764
 1.000000000000153
 0.99999999999986289
 0.99999999999986267
 0.99999999999986289
 0.999999999999866
 0.99999999999986267
 0.99999999999986267
 1.0000000000001465
 1.0000000000001463
 0.99999999999986122
 0.99999999999986089
 0.99999999999983558
 0.99999999999984157
 0.99999999999987754
 0.99999999999987743
 0.99999999999987732
 0.99999999999987887
 0.99999999999986633
 0.99999999999985911
 0.99999999999979827
 0.99999999999989408
 0.99999999999987532
 0.99999999999986877
 0.99999999999986866
 0.99999999999994182
 0.99999999999994194
 0.99999999999980271
 0.99999999999980271
 0.99999999999987643
 0.99999999999988154
 0.99999999999988187
 0.99999999999988154
 0.9999999999998811
 0.999999999999855
 0.99999999999984546
 0.99999999999990696
 0.99999999999979206
 0.99999999999980216
 1.0000000000001374
 0.99999999999987765
 0.9999999999999889
 0.99999999999998879
 0.99999999999983802
 0.99999999999990064
 0.9999999999998801
 0.99999999999975897
 0.99999999999954836
 0.99999999999954836
 0.99999999999954836
 0.99999999999981182
 1.0000000000000113
 1.0000000000000169
 1.0000000000000178
 1.0000000000000167
 0.99999999999988376
 0.99999999999987799
 0.9999999999998781
 0.99999999999987788
 0.99999999999987821
 0.99999999999981382
 0.9999999999998852
 1.0000000000001075
 1.0000000000001146
 0.99999999999988387
 0.99999999999994005
 0.99999999999980849
 0.99999999999980838
 0.99999999999985167
 0.99999999999986311
 0.99999999999986289
 0.99999999999986289
 0.99999999999986289
 0.9999999999998912
 0.99999999999980949
 0.9999999999998691
 0.99999999999986966
 0.99999999999986966
 0.99999999999991307
 0.99999999999991307
 0.99999999999986855
 0.99999999999986255
 0.99999999999999256
 0.99999999999998845
 0.99999999999991807
 0.99999999999999334
 0.99999999999999256
 0.99999999999998068
 0.99999999999998068
 0.99999999999998068
 0.99999999999998068
 0.99999999999990719
 0.99999999999990719
 0.99999999999988176
 1.0000000000001521
 1.000000000000161
 1.0000000000001519
 1.0000000000001521
 0.99999999999984412
 0.99999999999985967
 0.99999999999985967
 0.99999999999985978
 0.99999999999985967
 0.99999999999985978
 0.99999999999986078
 0.99999999999980826
 0.99999999999984912
 0.99999999999999378
 0.99999999999986122
 0.999999999999863
 0.99999999999986133
 0.99999999999986133
 0.99999999999986133
 0.99999999999980327
 0.99999999999980149
 0.99999999999986144
 0.99999999999986144
 0.99999999999986144
 0.99999999999986466
 0.99999999999985112
 0.99999999999978983
 0.99999999999978884
 0.9999999999999083
 0.99999999999990818
 0.9999999999998116
 0.99999999999999845
 0.99999999999999833
 1.0000000000001439
 0.99999999999990685
 0.99999999999990696
 0.99999999999980926
 0.99999999999987554
 0.9999999999999214
 0.99999999999980915
 0.99999999999988487
 0.99999999999988565
 0.99999999999981326
 0.99999999999981115
 0.9999999999998388
 0.99999999999986589
 0.99999999999981104
 0.99999999999988587
 0.99999999999991274
 0.99999999999988498
 0.99999999999987954
 0.99999999999987743
 0.99999999999988498
 0.99999999999987943
 0.99999999999988487
 0.99999999999987954
 0.99999999999988176
 0.99999999999988054
 0.99999999999994238
 0.99999999999981681
 1.0000000000000187
 0.99999999999985512
 0.99999999999985512
 0.99999999999985512
 0.999999999999855
 0.999999999999855
 0.99999999999985512
 0.9999999999998096
 0.99999999999983935
 0.99999999999986755
 0.999999999999859
 0.99999999999985889
 0.99999999999985478
 0.99999999999985356
 0.99999999999985489
 0.99999999999985867
 0.99999999999985134
 0.9999999999998519
 0.99999999999988531
 0.99999999999988742
 0.99999999999985967
 0.99999999999987299
 0.99999999999988542
 0.99999999999988709
