# Created by Octave 5.2.0, Sun Feb 07 17:17:00 2021 -03 <kuroneko@kuroneko-VirtualBox>
# name: erSeidel
# type: matrix
# rows: 1
# columns: 48
 0.0037854710348190768 0.0031399712309514438 0.0011056414931139846 0.001342926240217146 0.0030823389206990903 0.0030700990418467411 0.0011151636272136445 0.00079122226955830044 0.00016035787830925852 0.0012323374028644363 0.0027408835241823359 0.0020252219711924813 0.00085560568834952555 0.00025215501042019639 0.002258553591461987 0.0009093560817312607 0.0024728120257069275 0.0011791230048237011 0.0014870583050943242 0.0020168752193325812 0.00031427832945563061 0.0020196936525651576 0.00021051741073208063 0.0018186317016736231 0.00016519692472360958 0.00061522853948337008 0.0007259442453053655 0.00067174170075889883 0.00079873734284841014 0.00086656427390108259 0.00082322780538479634 0.00051944427158789885 0.00075250353376987711 0.00099918131138110322 0.00041599170603423552 0.00062875940289819354 0.0026449800714494209 9.4236127576197148e-05 0.0034246652734660765 0.0021268245982821732 0.0048560292625916546 0.0013092561062142405 0.004838736410181399 0.0056501829595712039 0.0049970817760398578 0.0043247739339469238 0.00343194881510267 0.0062337205530895723


# name: erAbSeidel
# type: matrix
# rows: 1
# columns: 48
 -0.0027120889025723516 -0.0021547722697435878 -0.001477728793296218 0.0014902517606589782 -0.0039497774933607843 -0.0046014744646164507 -0.0013142300640619498 0.00074508989956800775 -0.0022834609887896207 0.0036664614062571488 -0.0096007214383097006 -0.0083028335742955095 0.0012385216296080248 -0.001493586465561525 -0.0021758456081418798 0.0014882591372487042 0.00032339937471226321 0.0010969320292060214 0.0013550539023639008 -0.00018875820882102712 0.00021337692205203318 0.0022205046380827653 -9.6793145748064191e-05 -0.00094086458817710383 0.0077063491621265356 -0.0042851804040551222 0.0068662697599155553 0.0012187290969403186 -0.0065419672642534898 -0.00041743991164466809 0.00058505137521835948 0.00080169738753355091 -0.00026730629991034149 -0.0059279768226333518 0.00032981051454439303 0.0069720400341068967 -0.0042732091731104704 0.0058680735325662425 -0.012481283891193851 0.00016477363922273724 0.0093977401367162372 -0.0029073872650874355 0.0014222741336062938 0.0083774539242098545 -0.0046174070202689155 0.0045360257955020522 0.0036197941310971427 0.00478661901117583


# name: kSeidel
# type: scalar
5


# name: tol
# type: scalar
0.0001


# name: kmax
# type: scalar
50


# name: reSeidel
# type: scalar
0.46254896097824544


# name: xSeidel
# type: matrix
# rows: 48
# columns: 1
 0.99728791109742765
 0.99784522773025641
 0.99852227120670378
 1.001490251760659
 0.99605022250663922
 0.99539852553538355
 0.99868576993593805
 1.000745089899568
 0.99771653901121038
 1.0036664614062571
 0.9903992785616903
 0.99169716642570449
 1.001238521629608
 0.99850641353443848
 0.99782415439185812
 1.0014882591372487
 1.0003233993747123
 1.001096932029206
 1.0013550539023639
 0.99981124179117897
 1.000213376922052
 1.0022205046380828
 0.99990320685425194
 0.9990591354118229
 1.0077063491621265
 0.99571481959594488
 1.0068662697599156
 1.0012187290969403
 0.99345803273574651
 0.99958256008835533
 1.0005850513752184
 1.0008016973875336
 0.99973269370008966
 0.99407202317736665
 1.0003298105145444
 1.0069720400341069
 0.99572679082688953
 1.0058680735325662
 0.98751871610880615
 1.0001647736392227
 1.0093977401367162
 0.99709261273491256
 1.0014222741336063
 1.0083774539242099
 0.99538259297973108
 1.0045360257955021
 1.0036197941310971
 1.0047866190111758


