# Created by Octave 5.2.0, Sun Feb 07 17:17:06 2021 -03 <kuroneko@kuroneko-VirtualBox>
# name: erSOR
# type: matrix
# rows: 1
# columns: 48
 0.023187337802474506 0.036400980363785251 0.00044563732384839128 0.0053306260914928183 4.8914755138240729e-05 0.079827620082524753 0.074478902960098958 0.01426692423734266 0.054392430461664421 0.080956713926454316 0.007934436620744556 0.01673509045162247 0.0077070424997918163 0.041589768632445123 0.01010029259469325 0.054477877563141708 0.016012434341126425 0.06858912268985129 0.017980280378765645 0.027147523944947016 0.020390212544468378 0.088306133989558555 0.023039884693541457 0.0049004528957081739 0.080309351533298212 0.052629289588028927 0.030492445516036026 0.049147846403378104 0.010753372062111688 0.016862519464777237 0.025103330756077624 0.021592375717540357 0.065503252017312108 0.034913495863079458 0.049819214524284172 0.023041552075857896 0.018133877101606855 0.054968796367407813 0.050750697830007963 0.074703179386146124 0.034343402963487701 0.020823021353108317 0.011038736511466807 0.015225569103687886 0.055392743662311839 0.013626517316630227 0.0019976219458237576 0.073727737003315807


# name: erAbSOR
# type: matrix
# rows: 1
# columns: 48
 0.012123600630878251 0.018235131621997969 0.00036370729579005001 -0.00060905613797090918 -0.0039227957369148969 -0.02686874805313666 0.021460882044954221 -0.0055116619742531237 0.022173820714860071 0.023572330672858133 0.0055949432705735269 0.011272895239170744 0.0032253386675988871 0.014393977311361716 0.0078461986328235422 0.017496387191503704 0.008715831194353818 -0.029289172452450551 0.0041900666039147438 0.0070079523340496053 -0.0098687143686910783 0.029295971780066488 0.0096040133618147117 0.0092597252396700025 0.026628927815706138 0.015083916483503046 -0.0099343574356949294 -0.025022052258166338 0.0046316118553864083 -0.0061588622321709918 -0.019851345163313217 -0.0087720832617718125 -0.0150289740426367 -0.011750331732164554 -0.012132456679103232 0.0058898987953013293 0.0049025089702690039 0.013868440319222852 -0.018661992016500872 -0.017472953439577221 0.013788586365750533 -0.0078815953682903617 -0.0095637000205790468 0.0093694998323168299 0.015983240665909726 0.0030810172670920899 0.0046783525690017314 -0.025266712593539076


# name: kSOR
# type: scalar
38


# name: tol
# type: scalar
0.0001


# name: kmax
# type: scalar
50


# name: w
# type: scalar
1.8999999999999999


# name: reSOR
# type: scalar
0.90646223888428334


# name: xSOR
# type: matrix
# rows: 48
# columns: 1
 1.0121236006308783
 1.018235131621998
 1.0003637072957901
 0.99939094386202909
 0.9960772042630851
 0.97313125194686334
 1.0214608820449542
 0.99448833802574688
 1.0221738207148601
 1.0235723306728581
 1.0055949432705735
 1.0112728952391707
 1.0032253386675989
 1.0143939773113617
 1.0078461986328235
 1.0174963871915037
 1.0087158311943538
 0.97071082754754945
 1.0041900666039147
 1.0070079523340496
 0.99013128563130892
 1.0292959717800665
 1.0096040133618147
 1.00925972523967
 1.0266289278157061
 1.015083916483503
 0.99006564256430507
 0.97497794774183366
 1.0046316118553864
 0.99384113776782901
 0.98014865483668678
 0.99122791673822819
 0.9849710259573633
 0.98824966826783545
 0.98786754332089677
 1.0058898987953013
 1.004902508970269
 1.0138684403192229
 0.98133800798349913
 0.98252704656042278
 1.0137885863657505
 0.99211840463170964
 0.99043629997942095
 1.0093694998323168
 1.0159832406659097
 1.0030810172670921
 1.0046783525690017
 0.97473328740646092


