# Created by Octave 5.2.0, Sun Feb 07 22:03:50 2021 -03 <kuroneko@kuroneko-VirtualBox>
# name: erJacobi
# type: matrix
# rows: 1
# columns: 12
 -0.51040173692442314 -0.089821374143881194 -0.051546536991650883 -0.012186464424376266 -0.0075411522374030258 -0.0038667990306218815 -0.0019652728596856895 -0.00096804926118245155 -0.00046758356473085679 -0.00022255400641092192 -0.00010484899624706779 -4.9058519078916552e-05


# name: kJacobi
# type: scalar
12


# name: tol
# type: scalar
0.0001


# name: kmax
# type: scalar
50


# name: reJacobi
# type: scalar
0.6756567745896026


# name: xJacobi
# type: matrix
# rows: 48
# columns: 1
 1.0000003552143126
 1.0000010604669496
 0.9999981584499763
 1.0000032030997053
 0.99998895107876684
 0.99998349000703646
 0.99999587060830764
 0.99999951407614651
 0.99999682487677299
 1.0000249201817382
 0.99994054046692171
 0.99995793848169034
 0.99999969997916449
 1.0000099709246075
 1.0000059613989905
 0.99999257700081279
 0.99998662236510649
 0.99999676619408928
 1.0000115801103919
 1.0000084077124076
 1.0000089973129371
 1.0000156998031549
 0.99999726879462336
 0.99999015521619106
 1.0000426360772268
 0.99997861437394941
 1.000037423799518
 1.000007768857017
 0.99996820738977021
 0.9999997890433816
 0.99999944793821527
 1.0000017551035278
 0.9999980720931757
 0.99997322909926267
 0.99999461106617338
 1.0000282682360435
 0.99998795882794611
 1.0000255830830282
 0.99997866409581315
 1.0000017269985688
 1.0000173975290103
 0.99999866321828224
 0.99999476146044453
 1.0000107295208065
 1.0000012881350668
 1.0000029730605942
 1.0000079424392925
 0.99999958253144938


