# Created by Octave 5.2.0, Sun Feb 07 17:16:57 2021 -03 <kuroneko@kuroneko-VirtualBox>
# name: erJacobi
# type: matrix
# rows: 1
# columns: 48
 -0.00010484899624706779 -0.00010484899624706779 -0.00010484899624706779 -0.00010484899624706779 -0.00010484899624706779 -0.00010484899624706779 -0.00010484899624706779 -0.00010484899624706779 -0.00010484899624706779 -0.00010484899624706779 -0.00010484899624706779 -0.00010484899624706779 -0.00010484899624706779 -0.00010484899624706779 -0.00010484899624706779 -0.00010484899624706779 -0.00010484899624706779 -0.00010484899624706779 -0.00010484899624706779 -0.00010484899624706779 -0.00010484899624706779 -0.00010484899624706779 -0.00010484899624706779 -0.00010484899624706779 -9.2417738690960959e-05 -0.00019669406937882855 -0.00016166098011189271 -0.00016166098011189271 -0.00016166098011189271 -0.00016166098011189271 -0.00016166098011189271 -0.00016166098011189271 -0.00016166098011189271 -0.00016166098011189271 -0.00016166098011189271 -0.00014361341724945207 -0.00014361341724945207 -0.00010484899624706779 -0.00010484899624706779 -0.00010484899624706779 -0.00010484899624706779 -0.00010484899624706779 -0.00010484899624706779 -0.00010484899624706779 -0.00010484899624706779 -0.00010484899624706779 -0.00010484899624706779 -0.00010484899624706779


# name: erAbJacobi
# type: matrix
# rows: 1
# columns: 48
 3.5521431263063619e-07 1.0604669495872798e-06 -1.8415500236956817e-06 3.2030997052512333e-06 -1.1048921233158815e-05 -1.6509992963542608e-05 -4.1293916923645924e-06 -4.8592385348822376e-07 -3.1751232270060825e-06 2.4920181738163905e-05 -5.9459533078287663e-05 -4.2061518309655099e-05 -3.0002083550861869e-07 9.9709246075274649e-06 5.9613989904505615e-06 -7.4229991872121204e-06 -1.3377634893507739e-05 -3.2338059107184236e-06 1.1580110391928855e-05 8.4077124076209486e-06 8.997312937131241e-06 1.5699803154856085e-05 -2.7312053766381794e-06 -9.8447838089432693e-06 4.2636077226765323e-05 -4.6044428402058912e-05 8.0580654078454828e-05 1.6715564624458779e-05 -6.8618425906885605e-05 -1.1300914951606345e-06 -7.6989137243188566e-07 4.2837590630284694e-06 -4.2697981381678574e-06 -5.8492066680515542e-05 -1.0792827012329198e-05 6.1677389960657081e-05 -2.6459022983704727e-05 5.5644364512330569e-05 -4.6406656092345955e-05 3.7155266565669365e-06 3.7540089973919777e-05 -3.3279090630999875e-06 -1.1171447041991023e-05 2.3362463315690363e-05 2.0946912080432867e-06 6.6784670262887147e-06 1.6903071615725906e-05 -3.7393403551355675e-07


# name: kJacobi
# type: scalar
12


# name: tol
# type: scalar
0.0001


# name: kmax
# type: scalar
50


# name: reJacobi
# type: scalar
0.6756567745896026


# name: xJacobi
# type: matrix
# rows: 48
# columns: 1
 1.0000003552143126
 1.0000010604669496
 0.9999981584499763
 1.0000032030997053
 0.99998895107876684
 0.99998349000703646
 0.99999587060830764
 0.99999951407614651
 0.99999682487677299
 1.0000249201817382
 0.99994054046692171
 0.99995793848169034
 0.99999969997916449
 1.0000099709246075
 1.0000059613989905
 0.99999257700081279
 0.99998662236510649
 0.99999676619408928
 1.0000115801103919
 1.0000084077124076
 1.0000089973129371
 1.0000156998031549
 0.99999726879462336
 0.99999015521619106
 1.0000426360772268
 0.99995395557159794
 1.0000805806540785
 1.0000167155646245
 0.99993138157409311
 0.99999886990850484
 0.99999923010862757
 1.000004283759063
 0.99999573020186183
 0.99994150793331948
 0.99998920717298767
 1.0000616773899607
 0.9999735409770163
 1.0000556443645123
 0.99995359334390765
 1.0000037155266566
 1.0000375400899739
 0.9999966720909369
 0.99998882855295801
 1.0000233624633157
 1.000002094691208
 1.0000066784670263
 1.0000169030716157
 0.99999962606596449


