# Created by Octave 5.2.0, Sun Feb 07 20:06:53 2021 -03 <kuroneko@kuroneko-VirtualBox>
# name: erSeidel
# type: matrix
# rows: 1
# columns: 12
 -0.21698479605484028 0.40333016613679945 0.07861790763294281 0.022869929697926301 0.0075778752046358052 0.0045295634191393685 0.0025286917412582635 0.0012981681523521222 0.00063981405903561943 0.00030756535638178757 0.00014563134422289841 6.8314201087450968e-05


# name: kSeidel
# type: scalar
12


# name: tol
# type: scalar
0.0001


# name: kmax
# type: scalar
50


# name: reSeidel
# type: scalar
0.46254896097824544


# name: xSeidel
# type: matrix
# rows: 48
# columns: 1
 1.0000003552143126
 1.0000010604669494
 0.9999981584499763
 1.0000032030997053
 0.99998895107876684
 0.99998349000703646
 0.99999587060830752
 0.99999951407614651
 0.99999682487677299
 1.0000249201817382
 0.99994054046692171
 0.99995793848169034
 0.99999969997916449
 1.0000099709246073
 1.0000059613989907
 0.99999257700081279
 0.9999866223651066
 0.99999676619408906
 1.0000115801103919
 1.0000084077124076
 1.0000089973129371
 1.0000156998031549
 0.99999726879462336
 0.99999015521619083
 1.0000426360772268
 0.99997861437394941
 1.000037423799518
 1.000007768857017
 0.99996820738977021
 0.99999978904338149
 0.99999944793821505
 1.0000017551035281
 0.99999807209317548
 0.99997322909926267
 0.99999461106617371
 1.0000282682360433
 0.99998795882794611
 1.0000255830830285
 0.99997866409581293
 1.0000017269985688
 1.0000173975290105
 0.99999866321828201
 0.99999476146044453
 1.0000107295208065
 1.0000012881350668
 1.0000029730605942
 1.0000079424392923
 0.9999995825314496


