# Created by Octave 5.2.0, Sun Feb 07 22:16:34 2021 -03 <kuroneko@kuroneko-VirtualBox>
# name: erJacobi
# type: matrix
# rows: 1
# columns: 12
 -0.51040173692442314 -0.089821374143881194 -0.051546536991650883 -0.012186464424376266 -0.0075411522374030258 -0.0038667990306218815 -0.0019652728596856895 -0.00096804926118245155 -0.00046758356473085679 -0.00022255400641092192 -0.00010484899624706779 -4.9058519078916552e-05


# name: kJacobi
# type: scalar
12


# name: erSeidel
# type: matrix
# rows: 1
# columns: 12
 -0.21698479605484028 0.40333016613679945 0.07861790763294281 0.022869929697926301 0.0075778752046358052 0.0045295634191393685 0.0025286917412582635 0.0012981681523521222 0.00063981405903561943 0.00030756535638178757 0.00014563134422289841 6.8314201087450968e-05


# name: kSeidel
# type: scalar
12


# name: erSOR
# type: matrix
# rows: 1
# columns: 10
 -0.22190901958215931 0.55230569747588687 0.09303470072655981 0.041081814503090147 0.011511457578294896 0.0040022004547521171 0.0014297657957094026 0.00048486986686674112 0.00016893121283640468 5.5634186783058018e-05


# name: kSOR
# type: scalar
10


