# Created by Octave 5.2.0, Sun Feb 07 21:59:09 2021 -03 <kuroneko@kuroneko-VirtualBox>
# name: erJacobi
# type: matrix
# rows: 1
# columns: 48
 -0.00010484899624706779 -0.00010484899624706779 -0.00010484899624706779 -0.00010484899624706779 -0.00010484899624706779 -0.00010484899624706779 -0.00010484899624706779 -0.00010484899624706779 -0.00010484899624706779 -0.00010484899624706779 -0.00010484899624706779 -0.00010484899624706779 -0.00010484899624706779 -0.00010484899624706779 -0.00010484899624706779 -0.00010484899624706779 -0.00010484899624706779 -0.00010484899624706779 -0.00010484899624706779 -0.00010484899624706779 -0.00010484899624706779 -0.00010484899624706779 -0.00010484899624706779 -0.00010484899624706779 -9.2417738690960959e-05 -0.00019669406937882855 -0.00016166098011189271 -0.00016166098011189271 -0.00016166098011189271 -0.00016166098011189271 -0.00016166098011189271 -0.00016166098011189271 -0.00016166098011189271 -0.00016166098011189271 -0.00016166098011189271 -0.00014361341724945207 -0.00014361341724945207 -0.00010484899624706779 -0.00010484899624706779 -0.00010484899624706779 -0.00010484899624706779 -0.00010484899624706779 -0.00010484899624706779 -0.00010484899624706779 -0.00010484899624706779 -0.00010484899624706779 -0.00010484899624706779 -0.00010484899624706779


# name: kJacobi
# type: scalar
12


# name: erSeidel
# type: matrix
# rows: 1
# columns: 12
 -0.21698479605484028 0.40333016613679945 0.07861790763294281 0.022869929697926301 0.0075778752046358052 0.0045295634191393685 0.0025286917412582635 0.0012981681523521222 0.00063981405903561943 0.00030756535638178757 0.00014563134422289841 6.8314201087450968e-05


# name: kSeidel
# type: scalar
12


# name: erSOR
# type: matrix
# rows: 1
# columns: 10
 -0.22190901958215931 0.55230569747588687 0.09303470072655981 0.041081814503090147 0.011511457578294896 0.0040022004547521171 0.0014297657957094026 0.00048486986686674112 0.00016893121283640468 5.5634186783058018e-05


# name: kSOR
# type: scalar
10


