# Created by Octave 5.2.0, Sun Feb 07 22:52:11 2021 -03 <kuroneko@kuroneko-VirtualBox>
# name: erJacobi
# type: scalar
-1.2857037578742447e-09


# name: kJacobi
# type: scalar
1


# name: erSeidel
# type: matrix
# rows: 1
# columns: 10
 0.64927274269722557 0.17914477525769013 0.091714832314166703 0.054119749526577846 0.032639510633206664 0.020700001559339428 0.013936852682438432 0.0099810333781286016 0.0079504905098899143 0.0067253174081906729


# name: kSeidel
# type: scalar
10


# name: erSOR
# type: matrix
# rows: 1
# columns: 10
 1.0000000884747777 0.62030366018190553 0.24262640781386208 0.68652090029383783 0.29680284295714537 0.66383940860360124 0.5702587944318368 0.15797818472575878 0.35427798171407232 0.42731377562440315


# name: kSOR
# type: scalar
10


