# Created by Octave 5.2.0, Sat Feb 06 22:08:12 2021 -03 <kuroneko@kuroneko-VirtualBox>
# name: x
# type: matrix
# rows: 66
# columns: 1
 1
 1
 1
 1
 1
 1
 1
 1
 1
 1
 1
 1
 1
 1
 1
 1
 1
 1
 1
 1
 1
 1
 1
 1
 1
 1
 1
 1
 1
 1
 1
 1
 1
 1
 1
 1
 1
 1
 1
 1
 1
 1
 1
 1
 1
 1
 1
 1
 1
 1
 1
 1
 1
 1
 1
 1
 1
 1
 1
 1
 1
 1
 1
 1
 1
 1


# name: distX
# type: scalar
0


# name: distA
# type: scalar
0


# name: distB
# type: scalar
0


# name: r
# type: scalar
0


# name: K
# type: scalar
8.7521704699131888


# name: b
# type: matrix
# rows: 66
# columns: 1
 0.092138580509999998
 0.092138580509999998
 0.092138580509999998
 0.13799573798299999
 0.13799573798299999
 0.13799573798299999
 0.13799573798299999
 0.13799573798299999
 0.13799573798299999
 0.092138580509999998
 0.092138580509999998
 0.092138580509999998
 0.172828573455
 0.172828573455
 0.172828573455
 0.085238357602199999
 0.085238357602199999
 0.085238357602199999
 0.085238357602199999
 0.085238357602199999
 0.085238357602199999
 0.172828573455
 0.172828573455
 0.172828573455
 0.061733218910700001
 0.061733218910700001
 0.061733218910700001
 0.14130834147599999
 0.14130834147599999
 0.14130834147599999
 0.14130834147599999
 0.14130834147599999
 0.14130834147599999
 0.061733218910700001
 0.061733218910700001
 0.061733218910700001
 0.125426638452
 0.125426638452
 0.125426638452
 0.053320892737100001
 0.053320892737100001
 0.053320892737100001
 0.053320892737100001
 0.053320892737100001
 0.053320892737100001
 0.125426638452
 0.125426638452
 0.125426638452
 0.0231706100487
 0.0231706100487
 0.0231706100487
 0.030593188407499999
 0.030593188407499999
 0.030593188407499999
 0.0648568699369
 0.0648568699369
 0.0648568699369
 0.0648568699369
 0.0648568699369
 0.0648568699369
 0.030593188407499999
 0.030593188407499999
 0.030593188407499999
 0.019746938665000002
 0.019746938665000002
 0.019746938665000002


# name: a
# type: sparse matrix
# nnz: 66
# rows: 66
# columns: 66
1 1 0.092138580509999998
2 2 0.092138580509999998
3 3 0.092138580509999998
4 4 0.13799573798299999
5 5 0.13799573798299999
6 6 0.13799573798299999
7 7 0.13799573798299999
8 8 0.13799573798299999
9 9 0.13799573798299999
10 10 0.092138580509999998
11 11 0.092138580509999998
12 12 0.092138580509999998
13 13 0.172828573455
14 14 0.172828573455
15 15 0.172828573455
16 16 0.085238357602199999
17 17 0.085238357602199999
18 18 0.085238357602199999
19 19 0.085238357602199999
20 20 0.085238357602199999
21 21 0.085238357602199999
22 22 0.172828573455
23 23 0.172828573455
24 24 0.172828573455
25 25 0.061733218910700001
26 26 0.061733218910700001
27 27 0.061733218910700001
28 28 0.14130834147599999
29 29 0.14130834147599999
30 30 0.14130834147599999
31 31 0.14130834147599999
32 32 0.14130834147599999
33 33 0.14130834147599999
34 34 0.061733218910700001
35 35 0.061733218910700001
36 36 0.061733218910700001
37 37 0.125426638452
38 38 0.125426638452
39 39 0.125426638452
40 40 0.053320892737100001
41 41 0.053320892737100001
42 42 0.053320892737100001
43 43 0.053320892737100001
44 44 0.053320892737100001
45 45 0.053320892737100001
46 46 0.125426638452
47 47 0.125426638452
48 48 0.125426638452
49 49 0.0231706100487
50 50 0.0231706100487
51 51 0.0231706100487
52 52 0.030593188407499999
53 53 0.030593188407499999
54 54 0.030593188407499999
55 55 0.0648568699369
56 56 0.0648568699369
57 57 0.0648568699369
58 58 0.0648568699369
59 59 0.0648568699369
60 60 0.0648568699369
61 61 0.030593188407499999
62 62 0.030593188407499999
63 63 0.030593188407499999
64 64 0.019746938665000002
65 65 0.019746938665000002
66 66 0.019746938665000002


