# Created by Octave 5.2.0, Fri Jan 29 15:38:45 2021 -03 <kuroneko@kuroneko-VirtualBox>
# name: a
# type: sparse matrix
# nnz: 46
# rows: 14
# columns: 14
1 1 1.5708800000000001
4 1 -94.252799999999993
5 1 0.78544000000000003
2 2 12566400
6 2 -6283200
3 3 0.60880620155038756
7 3 -0.30440310077519378
1 4 -94.252799999999993
4 4 15080.447999999997
8 4 -7540.2239999999983
9 4 94.252799999999993
1 5 0.78544000000000003
5 5 3.1417600000000001
8 5 -94.252799999999993
9 5 0.78544000000000003
2 6 -6283200
6 6 12566400
10 6 -6283200
3 7 -0.30440310077519378
7 7 0.60880620155038756
11 7 -0.30440310077519378
4 8 -7540.2239999999983
5 8 -94.252799999999993
8 8 15080.447999999997
12 8 -7540.2239999999983
13 8 94.252799999999993
4 9 94.252799999999993
5 9 0.78544000000000003
9 9 3.1417600000000001
12 9 -94.252799999999993
13 9 0.78544000000000003
6 10 -6283200
10 10 12566400
7 11 -0.30440310077519378
11 11 0.60880620155038756
8 12 -7540.2239999999983
9 12 -94.252799999999993
12 12 15080.447999999997
14 12 94.252799999999993
8 13 94.252799999999993
9 13 0.78544000000000003
13 13 3.1417600000000001
14 13 0.78544000000000003
12 14 94.252799999999993
13 14 0.78544000000000003
14 14 1.5708800000000001


# name: b
# type: matrix
# rows: 14
# columns: 1
 -91.896479999999997
 6283200
 0.30440310077519378
 7540.2239999999983
 -89.54016
 0
 0
 -2.1316282072803006e-13
 4.7126399999999995
 6283200
 0.30440310077519378
 7540.2239999999983
 98.965439999999987
 96.60911999999999


# name: x
# type: matrix
# rows: 14
# columns: 1
 0.99999999999991562
 0.99999999999999989
 0.99999999999999956
 0.99999999999999811
 0.99999999999993838
 0.99999999999999978
 0.99999999999999956
 0.99999999999999767
 1.0000000000000295
 0.99999999999999989
 0.99999999999999956
 0.99999999999999856
 1.000000000000048
 1.0000000000000651


# name: distX
# type: scalar
8.4376949871511897e-14


# name: distA
# type: scalar
0.001215061879297173


# name: distB
# type: scalar
1.4625744843392152e-05


# name: r
# type: scalar
9.3132257461547852e-10


# name: K
# type: scalar
143091909.43111295


