# Created by Octave 5.2.0, Sun Feb 07 15:59:08 2021 -03 <kuroneko@kuroneko-VirtualBox>
# name: BJ
# type: sparse matrix
# nnz: 66
# rows: 66
# columns: 66
1 1 -11.853216909408189
2 2 -11.853216909408189
3 3 -11.853216909408189
4 4 -8.2466006169204462
5 5 -8.2466006169204462
6 6 -8.2466006169204462
7 7 -8.2466006169204462
8 8 -8.2466006169204462
9 9 -8.2466006169204462
10 10 -11.853216909408189
11 11 -11.853216909408189
12 12 -11.853216909408189
13 13 -6.7860802760162429
14 14 -6.7860802760162429
15 15 -6.7860802760162429
16 16 -12.731807464743902
17 17 -12.731807464743902
18 18 -12.731807464743902
19 19 -12.731807464743902
20 20 -12.731807464743902
21 21 -12.731807464743902
22 22 -6.7860802760162429
23 23 -6.7860802760162429
24 24 -6.7860802760162429
25 25 -17.198734127999174
26 26 -17.198734127999174
27 27 -17.198734127999174
28 28 -8.076723069245288
29 29 -8.076723069245288
30 30 -8.076723069245288
31 31 -8.076723069245288
32 32 -8.076723069245288
33 33 -8.076723069245288
34 34 -17.198734127999174
35 35 -17.198734127999174
36 36 -17.198734127999174
37 37 -8.9727880165001288
38 38 -8.9727880165001288
39 39 -8.9727880165001288
40 40 -19.754374667553392
41 41 -19.754374667553392
42 42 -19.754374667553392
43 43 -19.754374667553392
44 44 -19.754374667553392
45 45 -19.754374667553392
46 46 -8.9727880165001288
47 47 -8.9727880165001288
48 48 -8.9727880165001288
49 49 -44.158121339843852
50 50 -44.158121339843852
51 51 -44.158121339843852
52 52 -33.687014726286179
53 53 -33.687014726286179
54 54 -33.687014726286179
55 55 -16.418567084302889
56 56 -16.418567084302889
57 57 -16.418567084302889
58 58 -16.418567084302889
59 59 -16.418567084302889
60 60 -16.418567084302889
61 61 -33.687014726286179
62 62 -33.687014726286179
63 63 -33.687014726286179
64 64 -51.640760928296523
65 65 -51.640760928296523
66 66 -51.640760928296523


# name: BGS
# type: sparse matrix
# nnz: 66
# rows: 66
# columns: 66
1 1 -0.084365283082458012
2 2 -0.084365283082458012
3 3 -0.084365283082458012
4 4 -0.12126208682256194
5 5 -0.12126208682256194
6 6 -0.12126208682256194
7 7 -0.12126208682256194
8 8 -0.12126208682256194
9 9 -0.12126208682256194
10 10 -0.084365283082458012
11 11 -0.084365283082458012
12 12 -0.084365283082458012
13 13 -0.1473604731046666
14 14 -0.1473604731046666
15 15 -0.1473604731046666
16 16 -0.078543443479579422
17 17 -0.078543443479579422
18 18 -0.078543443479579422
19 19 -0.078543443479579422
20 20 -0.078543443479579422
21 21 -0.078543443479579422
22 22 -0.1473604731046666
23 23 -0.1473604731046666
24 24 -0.1473604731046666
25 25 -0.058143814106180129
26 26 -0.058143814106180129
27 27 -0.058143814106180129
28 28 -0.12381258976277403
29 29 -0.12381258976277403
30 30 -0.12381258976277403
31 31 -0.12381258976277403
32 32 -0.12381258976277403
33 33 -0.12381258976277403
34 34 -0.058143814106180129
35 35 -0.058143814106180129
36 36 -0.058143814106180129
37 37 -0.11144808036934475
38 38 -0.11144808036934475
39 39 -0.11144808036934475
40 40 -0.05062169857710061
41 41 -0.05062169857710061
42 42 -0.05062169857710061
43 43 -0.05062169857710061
44 44 -0.05062169857710061
45 45 -0.05062169857710061
46 46 -0.11144808036934475
47 47 -0.11144808036934475
48 48 -0.11144808036934475
49 49 -0.02264589094051201
50 50 -0.02264589094051201
51 51 -0.02264589094051201
52 52 -0.029685028730660843
53 53 -0.029685028730660843
54 54 -0.029685028730660843
55 55 -0.060906654939215633
56 56 -0.060906654939215633
57 57 -0.060906654939215633
58 58 -0.060906654939215633
59 59 -0.060906654939215633
60 60 -0.060906654939215633
61 61 -0.029685028730660843
62 62 -0.029685028730660843
63 63 -0.029685028730660843
64 64 -0.019364548120979576
65 65 -0.019364548120979576
66 66 -0.019364548120979576


# name: BSOR
# type: sparse matrix
# nnz: 66
# rows: 66
# columns: 66
1 1 -0.13212114345820161
2 2 -0.13212114345820161
3 3 -0.13212114345820161
4 4 -0.19363332049462284
5 5 -0.19363332049462284
6 6 -0.19363332049462284
7 7 -0.19363332049462284
8 8 -0.19363332049462284
9 9 -0.19363332049462284
10 10 -0.13212114345820161
11 11 -0.13212114345820161
12 12 -0.13212114345820161
13 13 -0.23862246966890688
14 14 -0.23862246966890688
15 15 -0.23862246966890688
16 16 -0.12263109964111964
17 17 -0.12263109964111964
18 18 -0.12263109964111964
19 19 -0.12263109964111964
20 20 -0.12263109964111964
21 21 -0.12263109964111964
22 22 -0.23862246966890688
23 23 -0.23862246966890688
24 24 -0.23862246966890688
25 25 -0.089827168245341038
26 26 -0.089827168245341038
27 27 -0.089827168245341038
28 28 -0.19797476907776357
29 29 -0.19797476907776357
30 30 -0.19797476907776357
31 31 -0.19797476907776357
32 32 -0.19797476907776357
33 33 -0.19797476907776357
34 34 -0.089827168245341038
35 35 -0.089827168245341038
36 36 -0.089827168245341038
37 37 -0.1770373573703084
38 38 -0.1770373573703084
39 39 -0.1770373573703084
40 40 -0.077904373727999202
41 41 -0.077904373727999202
42 42 -0.077904373727999202
43 43 -0.077904373727999202
44 44 -0.077904373727999202
45 45 -0.077904373727999202
46 46 -0.1770373573703084
47 47 -0.1770373573703084
48 48 -0.1770373573703084
49 49 -0.034357868684355183
50 50 -0.034357868684355183
51 51 -0.034357868684355183
52 52 -0.045198401012306391
53 53 -0.045198401012306391
54 54 -0.045198401012306391
55 55 -0.094229586875261673
56 56 -0.094229586875261673
57 57 -0.094229586875261673
58 58 -0.094229586875261673
59 59 -0.094229586875261673
60 60 -0.094229586875261673
61 61 -0.045198401012306391
62 62 -0.045198401012306391
63 63 -0.045198401012306391
64 64 -0.029330811133278231
65 65 -0.029330811133278231
66 66 -0.029330811133278231


