# Created by Octave 5.2.0, Sun Feb 07 18:58:50 2021 -03 <kuroneko@kuroneko-VirtualBox>
# name: BJ
# type: sparse matrix
# nnz: 258
# rows: 48
# columns: 48
2 1 0.13207322956745074
8 1 -0.18482210849341224
45 1 -0.045925349262705452
48 1 -0.18024721814424505
1 2 0.18490592451273483
3 2 0.096701731549847375
42 2 -0.078230722802334077
43 2 -0.18369542074999201
46 2 -0.16674030177602725
48 2 -0.21486964419842147
2 3 0.039524398685841601
4 3 -0.11676129247604947
46 3 -0.095223518912036773
3 4 -0.13157090862697235
5 4 -0.17048409548561935
37 4 0.031617485069436103
44 4 -0.0012218420304662006
46 4 -0.046980820883794384
4 5 -0.20826155096544705
6 5 0.089873286384471229
44 5 -0.15024227412698787
5 6 0.13056415797472851
7 6 0.097733134736511254
41 6 -0.17720290346270148
44 6 -0.13472385863023917
47 6 -0.16301764656489606
6 7 0.0491481670933221
8 7 -0.12912023750556431
47 7 -0.075422194052546451
1 8 -0.11034446534365466
7 8 -0.13396114326612385
35 8 0.024428131784031672
45 8 -0.010531142165452161
47 8 -0.012276577783114731
10 9 -0.14989014664034553
15 9 0.084931276029413083
18 9 -0.15631628341424147
23 9 -0.00054469359909494136
30 9 0.025708422172845316
31 9 -0.25282250130953599
9 10 -0.098646981730000596
11 10 -0.091539552914385799
21 10 -0.046614327552964067
23 10 0.033665571096568196
10 11 -0.20466341919138814
12 11 0.1113537538614944
21 11 -0.019268808050162099
24 11 0.025224563660188454
25 11 -0.28902846863803283
27 11 -0.24420154247007933
11 12 0.1085297473495118
13 12 -0.20721732454978736
27 12 -0.16674948332644648
34 12 0.010650201020352124
36 12 -0.052402086462720841
38 12 -0.33339428147373945
12 13 -0.099142565821522005
14 13 -0.11373850899240386
19 13 -0.095987277365894255
34 13 0.038336563657641272
13 14 -0.12215268801286883
15 14 0.02421517398794831
16 14 -0.08319877354733704
17 14 -0.1702900104219438
19 14 0.035846923348708641
9 15 0.078981026300852075
14 15 0.030558148868055145
16 15 -0.29893595664754319
18 15 -0.17153022382036404
14 16 -0.11165214481363867
15 16 -0.31789877432544666
17 16 0.024397188195781773
18 16 0.028419676669800307
20 16 -0.17010625435863447
14 17 -0.24559711061129325
16 17 0.026219458097019515
19 17 -0.2585715390834154
20 17 -0.16926247503012365
22 17 -0.081884724539593334
9 18 -0.17807692203988279
15 18 -0.21013043058454173
16 18 0.032738345779186662
20 18 -0.088517482361423344
31 18 0.061862596603319692
40 18 -0.183831418613709
13 19 -0.11673050505166535
14 19 0.040590750477475908
17 19 -0.20301205771818998
22 19 -0.035625521014681048
34 19 -0.11933017864106923
16 20 -0.21772577084545097
17 20 -0.20158875695594408
18 20 -0.098351504877896567
22 20 0.098064286852509244
40 20 0.033157869273911428
42 20 -0.059029670833530883
43 20 -0.15793280467749723
10 21 -0.076976411130720929
11 21 -0.014231859499160889
23 21 -0.23958011715536387
24 21 -0.34890269543526142
28 21 0.045784944880405722
17 22 -0.083242647978623255
19 22 -0.046127838678691226
20 22 0.083704392532168978
34 22 -0.15853284918235711
37 22 -0.076020215560725427
43 22 -0.24565505917961142
46 22 0.00047325096309970349
9 23 -0.00059413417687802976
10 23 0.055796573882291006
21 23 -0.24045515032457856
28 23 -0.096231283540901005
30 23 -0.31278742736646586
33 23 0.035866703038743689
11 24 0.01802733932622021
21 24 -0.33760237908241381
25 24 -0.098276098893322825
26 24 -0.11690560697715009
28 24 -0.0010809330746563007
11 25 -0.29268337534557615
24 25 -0.13925069474898621
26 25 -0.10422788914818729
27 25 0.026723812513268667
29 25 -0.21373786619181506
24 26 -0.16465987009918098
25 26 -0.10360647734372117
28 26 -0.28893388025140554
29 26 0.090141787888247671
35 26 0.0078266727966849834
41 26 -0.16365707553382833
47 26 -0.090833389886406629
11 27 -0.24568530969230842
12 27 -0.17212793306664415
25 27 0.026550442881459212
29 27 -0.22259284948150834
38 27 -0.069605617778787265
21 28 0.045601524141210555
23 28 -0.09549697840611604
24 28 -0.001112639040562767
26 28 -0.2111550786645883
33 28 -0.25560675277304445
35 28 0.012791053384928081
25 29 -0.25609913334856516
26 29 0.10865503141938286
27 29 -0.26845067161767133
38 29 -0.099388938649012409
39 29 0.045133716613307964
41 29 -0.21366966526915948
9 30 0.025770793887321234
23 30 -0.28745469001134727
31 30 -0.072910993859242448
32 30 -0.17967739125939239
33 30 0.02737985091612033
9 31 -0.28052511888097287
18 31 0.060253288742086644
30 31 -0.080704300038428101
32 31 -0.039804518103089777
40 31 -0.25118698074985912
30 32 -0.21602745246381785
31 32 -0.043235872181233988
33 32 -0.22339363720898794
40 32 0.060954343028658375
42 32 -0.18925475873157108
45 32 -0.02922844708221696
23 33 0.03392991664708149
28 33 -0.24366340391444147
30 33 0.028183978834065405
32 33 -0.19126104019270801
35 33 -0.062149600591397632
45 33 -0.051985856595580783
12 34 0.008262645110700113
13 34 0.062164205043146521
19 34 -0.15911341683114516
22 34 -0.16325778293178905
36 34 -0.30597575826474549
37 34 0.010633057316863483
8 35 0.045679541626157685
26 35 0.0056339132954896674
28 35 0.012599004500478919
33 35 -0.064217039149656194
45 35 -0.23508785641168842
47 35 -0.27024572943104619
12 36 -0.047738040163207505
34 36 -0.35928718835180995
37 36 -0.025003739626120968
38 36 0.051012879152325781
39 36 -0.27599772983029347
4 37 0.057006477181064712
22 37 -0.078121158529021822
34 37 0.010610677232873459
36 37 -0.021248838968191134
39 37 0.022911250200234684
44 37 -0.2692325952443913
46 37 -0.2742730216139293
12 38 -0.32610565481360099
27 38 -0.065956502631576402
29 38 -0.078090480249000171
36 38 0.054772682731062089
39 38 -0.19869138311543619
29 39 0.036778829152089569
36 39 -0.30734520930302339
37 39 0.030021990877516395
38 39 -0.20607048529528257
41 39 -0.10677863326122636
44 39 -0.14074421544078264
18 40 -0.18895420883885156
20 40 0.030674076052665516
31 40 -0.26508267568564381
32 40 0.059221175120975605
42 40 -0.1540857431056219
6 41 -0.22988764591107216
26 41 -0.15665023739326162
29 41 -0.16967406579502969
39 41 -0.10405432900913808
44 41 0.034737598646866964
47 41 0.088216008627579126
2 42 -0.081247103021605094
20 42 -0.064757335880545011
32 42 -0.21804840367097431
40 42 -0.18272425262571537
43 42 0.04883698867142551
45 42 0.090899096763929335
48 42 -0.14045776064760113
2 43 -0.13920161272808482
20 43 -0.12641725474894866
22 43 -0.23036810257351531
42 43 0.035633975099011519
46 43 0.035313284323957701
4 44 -0.0024878334714917554
5 44 -0.25042239578812997
6 44 -0.15457248215700012
37 44 -0.30404439520734183
39 44 -0.12129676497941075
41 44 0.03072151732486899
1 45 -0.063523962592384353
8 45 -0.02439854650449149
32 45 -0.03203541747344766
33 45 -0.066550931167527125
35 45 -0.29126425668217132
42 45 0.086472519087098576
48 45 -0.24325195179741951
2 46 -0.11044053210037667
3 46 -0.1543125020112289
4 46 -0.067564179505089569
22 46 0.00038790922651195186
37 46 -0.21876715334329408
43 46 0.030865980796861581
6 47 -0.16777513532634905
7 47 -0.15435711163259361
8 47 -0.024216996115140867
26 47 -0.068974724188686845
35 47 -0.28508233609870365
41 47 0.069983487862789268
1 48 -0.2879252501999221
2 48 -0.24516034175289381
42 48 -0.15430867843330773
45 48 -0.28091983345517352


