# Created by Octave 5.2.0, Sun Feb 07 18:58:58 2021 -03 <kuroneko@kuroneko-VirtualBox>
# name: erSOR
# type: matrix
# rows: 1
# columns: 48
 0.034579444403879722 0.034849442632284511 0.079044925371090646 0.0024875075897109467 0.012450918124904953 0.039653388794743005 0.012922843239428161 0.0033621877700595881 0.0059996285894173829 0.043336945635239488 0.020137903588811179 0.00018162508798535981 0.12126876294493993 0.0667045373504771 0.066794057348397606 0.039910882714049523 0.0024416858741087566 0.062000544132833624 0.033705667002368656 0.048445437088995291 0.012796026918739045 0.012687949096637063 0.0071922838932435562 0.042475896983667383 0.086544361400888392 0.00068212133393408259 0.036491460208463722 0.041695222485061412 0.024143884747389599 0.054485901694373284 0.026025827627356946 0.07515941181124397 0.030788736605080524 0.038465758050747367 0.036662296638702796 0.065994849559887214 0.011629897995705463 0.00092133889723000628 0.009012370686988902 0.02684658893582792 0.0046370345876801666 1.1098870563719387e-05 0.043907272254334551 0.042739433782055469 0.0025976866933454801 0.01768484583089891 0.10994209471333372 0.0033508837875690922


# name: kSOR
# type: scalar
12


# name: tol
# type: scalar
0.0001


# name: kmax
# type: scalar
50


# name: w
# type: scalar
1.7


# name: reSOR
# type: scalar
0.71823172622962361


# name: xSOR
# type: matrix
# rows: 48
# columns: 1
 1.0073569629964094
 1.0097505952186046
 1.023704051929796
 0.99887005311068922
 1.0056676926910786
 1.0184870234771823
 1.0010089788530614
 0.99857847942302103
 0.99657590735008672
 0.98414525539448006
 1.0021178809468474
 1.0020898771621685
 1.0357026143083627
 0.97670467672650485
 0.97772965790116761
 0.99097740594894179
 0.99887773040534955
 1.0234283876486452
 0.98368320999162606
 0.98633513401403494
 1.0072714830720653
 0.99370918326843094
 0.99549792226759093
 1.014185416423953
 1.0226419655019963
 1.0030480549792391
 0.98759826030885234
 1.0094422316674561
 0.9916241039380429
 0.97982857302856474
 0.99796922631556517
 0.97764246274254329
 0.99255783552267829
 0.99746299355492052
 1.0184606592218133
 1.0226195632505775
 0.99770730608334302
 1.0034575491217956
 0.99879166337485525
 1.0034498378544701
 0.99545623481089718
 1.0016588547117276
 0.98708236233819857
 0.98775250248415136
 0.99658345965102391
 1.0077148787954062
 0.9675183039717602
 1.0042079575384317


